0.2612154483795166	0.2717
0.7911250591278076	0.2716
1.3113281726837158	0.2715
1.8448779582977295	0.2704
2.365544319152832	0.2701
2.90120267868042	0.2683
3.430899143218994	0.2675
3.95178484916687	0.2666
4.482832908630371	0.2656
5.018313407897949	0.266
5.551757335662842	0.2674
6.072214365005493	0.2681
6.590082168579102	0.2684
7.119148254394531	0.2678
7.6517791748046875	0.2686
8.185168981552124	0.2692
8.704606056213379	0.2693
9.239811420440674	0.2691
9.746938228607178	0.2695
10.281208992004395	0.2738
10.812358617782593	0.2733
11.343501567840576	0.2725
11.877256870269775	0.2668
12.411575078964233	0.2641
12.94559097290039	0.2607
13.465517044067383	0.2634
13.986211061477661	0.2675
14.518796443939209	0.2706
15.037568807601929	0.2731
15.570754289627075	0.2702
16.101754188537598	0.2679
16.618905782699585	0.2665
17.155242204666138	0.2599
17.674287796020508	0.254
18.204212427139282	0.2567
18.734939098358154	0.2622
19.25482416152954	0.2633
19.776217222213745	0.259
20.30628728866577	0.2525
20.825692892074585	0.2555
21.342442512512207	0.2594
21.873230934143066	0.2491
22.390381336212158	0.249
22.90583348274231	0.2511
23.429451942443848	0.2576
23.947434186935425	0.2594
24.47857642173767	0.2605
25.010517120361328	0.258
25.52996015548706	0.2549
26.061558485031128	0.2547
26.595536470413208	0.2453
27.128692865371704	0.2475
27.66185235977173	0.2462
28.178853273391724	0.2433
28.710376739501953	0.2485
29.244288682937622	0.2451
29.775403022766113	0.2413
30.291117668151855	0.2413
30.811128616333008	0.2371
31.344557523727417	0.23
31.878663778305054	0.2375
32.40642976760864	0.2447
32.92447328567505	0.2482
33.45774269104004	0.2434
33.98765754699707	0.2362
34.50629234313965	0.2351
35.03558945655823	0.2431
35.5522096157074	0.2378
36.08809852600098	0.2331
36.6206476688385	0.2312
37.15472483634949	0.2323
37.68323755264282	0.2293
38.215858936309814	0.2335
38.734816551208496	0.2321
39.26664137840271	0.2363
39.8003716468811	0.2328
40.33120322227478	0.2285
40.850077867507935	0.2239
41.36992573738098	0.2091
41.892247676849365	0.2187
42.409525871276855	0.215
42.94258451461792	0.2244
43.47721552848816	0.2218
44.01123547554016	0.2243
44.54269814491272	0.2078
45.075159311294556	0.218
45.60816812515259	0.2132
46.14251947402954	0.1997
46.674299001693726	0.2021
47.20670127868652	0.2037
47.74407076835632	0.1965
48.26698184013367	0.2099
48.7974009513855	0.1893
49.31912875175476	0.2047
49.85030198097229	0.1891
50.36795210838318	0.1993
50.90202617645264	0.1922
51.43650245666504	0.1906
51.959338903427124	0.1973
52.49283719062805	0.2054
53.012471437454224	0.1973
53.54676294326782	0.1903
54.081414461135864	0.1782
54.612998485565186	0.1852
55.131882429122925	0.179
55.662002086639404	0.1776
56.19196152687073	0.1717
56.7110698223114	0.1872
57.23122525215149	0.1869
57.764246702194214	0.166
58.29856872558594	0.1603
58.82920455932617	0.1742
59.36217546463013	0.1656
59.89611768722534	0.155
60.42462706565857	0.1561
60.95662498474121	0.1661
61.488452672958374	0.1536
62.01988625526428	0.1554
62.55041551589966	0.152
63.086498975753784	0.1518
63.618176221847534	0.1564
64.13606476783752	0.1319
64.67044234275818	0.1434
65.19065618515015	0.139
65.72138571739197	0.128
66.25413370132446	0.1324
66.78728771209717	0.1182
67.31768774986267	0.1237
67.83896160125732	0.1218
68.35743498802185	0.1201
68.87783169746399	0.1088
69.41106748580933	0.1183
69.94353699684143	0.1005
70.46260666847229	0.1071
70.99795961380005	0.1125
71.52944612503052	0.1088
72.0604817867279	0.1022
72.58335542678833	0.1
73.11277151107788	0.0893
73.63347363471985	0.0908
74.15481567382812	0.0834
74.6856198310852	0.0802
75.2203152179718	0.081
75.7559244632721	0.0787
76.27729225158691	0.0713
76.79986429214478	0.0539
77.31569623947144	0.0645
77.8322262763977	0.0608
78.34801959991455	0.0528
78.86301827430725	0.0408
79.38010621070862	0.0458
79.91159296035767	0.041
80.43290209770203	0.047
80.96800494194031	0.0341
81.48626613616943	0.0369
82.00667881965637	0.0412
82.52643465995789	0.0308
83.05594992637634	0.0289
83.58810329437256	0.0186
84.11935782432556	0.0191
84.64925789833069	0.0112
85.18011951446533	0.0149
85.71102738380432	0.0139
86.24281668663025	0.0069
86.77234387397766	0.0028
87.30368947982788	0.0071
87.83883380889893	0.006
88.37233519554138	0.0116
88.90513467788696	-0.0004
89.4375216960907	0.001
89.97080206871033	-0.0054
90.50285315513611	-0.0041
91.03175663948059	0.0018
91.55050945281982	-0.0062
92.06909894943237	-0.0074
92.6037015914917	-0.0082
93.13292098045349	-0.0316
93.66256356239319	-0.0188
94.18337941169739	-0.0263
95.24824905395508	-0.0225
95.78341007232666	-0.0222
96.30238556861877	-0.0223
96.82114219665527	-0.0222
97.35204267501831	-0.03
97.88447642326355	-0.0063
98.4025890827179	0.0075
98.93339824676514	0.0083
99.46535348892212	0.0102
99.99748468399048	0.0096
100.51516604423523	0.0107
101.04902172088623	0.0108
101.57969999313354	0.0102
102.09659218788147	0.01
102.6267511844635	0.0105
103.15917468070984	0.0094
103.68060898780823	0.0106
104.2139687538147	0.0105
104.74685144424438	0.0104
105.28138566017151	0.0102
105.81170177459717	0.0104
106.33318972587585	0.0105
106.866286277771	0.0098
107.40153479576111	0.0094
107.93070554733276	0.0088
108.4631860256195	0.0086
108.98031711578369	0.0087
109.49925374984741	0.0092
110.0171594619751	0.0093
110.54995536804199	0.0094
111.08278751373291	0.0093
111.61666512489319	0.0092
112.14822101593018	0.0092
112.68138146400452	0.0089
113.209951877594	0.009
113.73031997680664	0.0087
114.26066732406616	0.009
114.7972719669342	0.0092
115.3296434879303	0.0096
115.86521530151367	0.0095
116.40020298957825	0.0087
116.93201565742493	0.0098
117.46493339538574	0.0091
117.99598717689514	0.0093
118.52657675743103	0.0096
119.05798888206482	0.0101
119.58792972564697	0.0097
120.1052737236023	0.0101
120.62141847610474	0.0096
121.15393733978271	0.0105
121.68789505958557	0.0093
122.20443415641785	0.0105
122.72406053543091	0.0093
123.25562119483948	0.0091
123.79105067253113	0.0096
124.32626271247864	0.0099
124.85722088813782	0.0101
125.38121271133423	0.0102
125.91510486602783	0.01
126.4469428062439	0.0097
126.97633814811707	0.0101
127.50864768028259	0.0094
128.0376536846161	0.0106
128.55922532081604	0.0094
129.08883380889893	0.0105
129.6221706867218	0.0093
130.15539503097534	0.01
130.67326021194458	0.01
131.20678782463074	0.01
131.73904156684875	0.0097
132.27207922935486	0.0093
132.79267930984497	0.0092
133.32360935211182	0.0095
133.84551572799683	0.0093
134.38010454177856	0.0094
134.9134521484375	0.0087
135.4462308883667	0.0096
135.97616815567017	0.0096
136.50748562812805	0.0092
137.03787398338318	0.0093
137.55464720726013	0.0094
138.08804321289062	0.0091
138.62032079696655	0.0089
139.15074682235718	0.0091
139.68717217445374	0.0093
140.20425391197205	0.0091
140.73768186569214	0.0094
141.27055430412292	0.0089
141.78828692436218	0.0093
142.3213233947754	0.0101
142.8518352508545	0.0098
143.38334941864014	0.0095
143.91583037376404	0.0102
144.43414664268494	0.0097
144.96960139274597	0.0096
145.5024242401123	0.0093
146.02027225494385	0.0092
146.5500521659851	0.0088
147.08093309402466	0.0088
147.61427569389343	0.0098
148.14954543113708	0.0088
148.6828453540802	0.0095
149.20243096351624	0.0092
149.7353138923645	0.0083
150.26906418800354	0.0095
150.80098724365234	0.0097
151.3336820602417	0.0093
151.86853551864624	0.0093
152.38830375671387	0.0091
152.91150307655334	0.0096
153.44241070747375	0.0093
153.97595191001892	0.0093
154.50707149505615	0.0092
155.02283263206482	0.0094
155.54172158241272	0.0092
156.07225370407104	0.0095
156.5910565853119	0.0093
157.10867619514465	0.009
157.63877296447754	0.0089
158.15982627868652	0.0092
158.68005895614624	0.0091
159.1968936920166	0.0089
159.715637922287	0.0089
160.2407567501068	0.0085
160.7604842185974	0.0087
161.29387784004211	0.0093
161.82596278190613	0.0088
162.34454464912415	0.0091
162.88178968429565	0.0091
163.41339349746704	0.0099
163.9458932876587	0.0095
164.47678637504578	0.0094
165.01073670387268	0.0094
165.5446903705597	0.0093
166.06500601768494	0.0096
166.59748125076294	0.0096
167.12976551055908	0.0093
167.65299582481384	0.009
168.18490982055664	0.0094
168.71813106536865	0.0095
169.24719047546387	0.0097
169.76607990264893	0.0092
170.28471422195435	0.0099
170.82132935523987	0.0091
171.34016633033752	0.0093
171.86058616638184	0.0096
172.39402103424072	0.0101
172.914400100708	0.0098
173.43592262268066	0.0098
173.9662275314331	0.0097
174.4858202934265	0.009
175.01971220970154	0.009
175.55526900291443	0.009
176.07488822937012	0.0097
176.60610055923462	0.0098
177.13849139213562	0.0103
177.65584206581116	0.0094
178.18523359298706	0.0099
178.71605134010315	0.0095
179.24869441986084	0.0092
179.77950620651245	0.0096
180.30143690109253	0.0094
180.8349142074585	0.0091
181.35620260238647	0.0096
181.88866519927979	0.0095
182.4202618598938	0.0095
182.95769357681274	0.0092
183.47622776031494	0.0096
184.00702452659607	0.0093
184.54199695587158	0.0096
185.073748588562	0.0091
185.59291529655457	0.0096
186.12506985664368	0.0097
186.65555214881897	0.0097
187.18332433700562	0.009
187.7158443927765	0.0096
188.24850916862488	0.0092
188.78104877471924	0.0093
189.31219267845154	0.0096
189.84068417549133	0.0093
190.35756969451904	0.0095
190.8928780555725	0.0097
191.4237039089203	0.0093
191.94354844093323	0.0091
192.47202801704407	0.0055
