0.26372575759887695	0.4574
0.5295298099517822	0.4573
0.7825345993041992	0.4572
1.0473923683166504	0.4571
1.3127593994140625	0.4571
1.5790035724639893	0.4571
1.8312602043151855	0.4572
2.0974650382995605	0.4573
2.3639347553253174	0.4574
2.6292243003845215	0.4574
2.8811631202697754	0.4574
3.132411003112793	0.4574
3.3995072841644287	0.4575
3.6642532348632812	0.4575
3.931396484375	0.4575
4.196708917617798	0.4575
4.462938547134399	0.4575
4.73221755027771	0.4575
5.109213352203369	0.4577
5.375497817993164	0.4577
5.639355421066284	0.4576
5.892441511154175	0.4575
6.158719301223755	0.4577
6.411056995391846	0.4578
6.675851345062256	0.4579
6.941521883010864	0.4579
7.193877935409546	0.4579
7.458283424377441	0.4579
7.723383903503418	0.4579
7.975109100341797	0.4579
8.239119529724121	0.4578
8.493096828460693	0.4576
8.745477676391602	0.4575
9.012392520904541	0.4574
9.27991533279419	0.4574
9.532034635543823	0.4573
9.783310413360596	0.4571
10.035786628723145	0.4571
10.288191080093384	0.457
10.554203271865845	0.457
10.820789337158203	0.457
11.074163675308228	0.457
11.338446378707886	0.4569
11.604454040527344	0.4569
11.85684323310852	0.4569
12.109171867370605	0.4569
12.37403655052185	0.4569
12.625702857971191	0.4571
12.876668691635132	0.4573
13.14171028137207	0.4573
13.40851092338562	0.4573
13.660592794418335	0.457
13.912912845611572	0.4569
14.165301322937012	0.457
14.429293870925903	0.457
14.682024240493774	0.4574
14.934176683425903	0.4574
15.189430713653564	0.4573
15.456008672714233	0.4576
15.723327159881592	0.4578
15.989541053771973	0.4583
16.254754781723022	0.4579
16.520355701446533	0.4578
16.774334192276	0.4577
17.037319660186768	0.458
17.28951382637024	0.458
17.556298971176147	0.4578
17.82369327545166	0.4578
18.08886456489563	0.4578
18.339666604995728	0.4579
18.604542016983032	0.4578
18.857081413269043	0.4579
19.124462127685547	0.4577
19.375935077667236	0.4576
19.64107608795166	0.4579
19.907228231430054	0.4581
20.173821926116943	0.4582
20.426189422607422	0.4576
20.68954038619995	0.4577
20.94250464439392	0.4575
21.207465171813965	0.4577
21.460075616836548	0.4581
21.725711584091187	0.4578
21.991138696670532	0.4579
22.257657527923584	0.4579
22.52329659461975	0.4578
22.775511026382446	0.4577
23.037506341934204	0.4577
23.293010234832764	0.4575
23.56068444252014	0.4575
23.827000617980957	0.4579
24.09267258644104	0.4579
24.344977140426636	0.4577
24.61016583442688	0.4577
24.864585161209106	0.4577
25.132031679153442	0.4577
25.395557165145874	0.4578
25.657695770263672	0.4578
25.924638509750366	0.4578
26.19088101387024	0.458
26.456620693206787	0.4579
26.721954107284546	0.458
26.97417378425598	0.458
27.239907264709473	0.4579
27.492225408554077	0.4579
27.74467420578003	0.4579
28.010231733322144	0.4578
28.262889623641968	0.4577
28.527939319610596	0.4578
28.77908205986023	0.4578
29.04509735107422	0.4578
29.31218957901001	0.4578
29.578781366348267	0.4578
29.843271255493164	0.4578
30.10974931716919	0.4578
30.361204147338867	0.4577
30.62696599960327	0.4577
30.892242908477783	0.4577
31.157970905303955	0.4577
31.4219388961792	0.4577
31.674015522003174	0.4578
31.939455270767212	0.4579
32.2043731212616	0.4578
32.471760511398315	0.4578
32.72617697715759	0.4578
32.97783827781677	0.4577
33.242430686950684	0.4577
33.50762963294983	0.4577
33.77196168899536	0.4577
34.024040937423706	0.4576
34.29131269454956	0.4575
34.554811000823975	0.4574
34.80744457244873	0.4573
35.08684229850769	0.4573
35.341174364089966	0.4573
35.604567766189575	0.4571
35.868555545806885	0.4571
36.134093284606934	0.4572
36.398104667663574	0.4572
36.80685353279114	0.4573
37.06416440010071	0.4575
37.32950210571289	0.4576
37.581706523895264	0.4576
37.832667112350464	0.4576
38.099034547805786	0.4576
38.36346936225891	0.4575
38.61393880844116	0.4575
38.868515491485596	0.4576
39.12296962738037	0.4577
39.38900899887085	0.4577
39.65410280227661	0.4577
39.92017364501953	0.4577
40.172550439834595	0.4577
40.43781495094299	0.4577
40.701452016830444	0.4577
40.96493673324585	0.4577
41.22943353652954	0.4577
41.57535648345947	0.4577
42.165778160095215	0.4577
42.432048320770264	0.4579
42.773510694503784	0.4579
43.03485560417175	0.4578
43.336050510406494	0.4578
43.604332447052	0.4578
43.86164450645447	0.4578
44.111974000930786	0.4576
44.366294145584106	0.4575
44.619616985321045	0.4573
44.87316823005676	0.4574
45.12605285644531	0.4573
45.39329695701599	0.4573
45.65682077407837	0.4573
45.925318002700806	0.4573
46.19188332557678	0.4571
46.458481311798096	0.4572
46.72576642036438	0.4574
46.991923570632935	0.4574
47.24362277984619	0.4576
47.496946811676025	0.4579
47.7505259513855	0.4579
48.00398659706116	0.4579
48.270137548446655	0.4577
48.52238869667053	0.4577
48.788729667663574	0.4577
49.05637860298157	0.4577
49.32177543640137	0.4577
49.58427882194519	0.4577
49.849265336990356	0.4576
50.10010552406311	0.4576
50.35215902328491	0.4576
50.618897914886475	0.4576
50.884363889694214	0.4575
51.150395154953	0.4576
51.41238284111023	0.4577
51.67555499076843	0.4576
51.93858003616333	0.4575
52.192594051361084	0.4518
52.45707440376282	0.4517
52.72236156463623	0.4517
52.98529887199402	0.4518
53.251150131225586	0.4315
53.51351022720337	0.4315
53.77950358390808	0.4316
54.0437650680542	0.4525
54.30810356140137	0.4412
54.57345247268677	0.4366
54.838186264038086	0.4363
55.10330677032471	0.4408
55.37015128135681	0.4409
55.6323983669281	0.4297
55.88458847999573	0.4144
56.149253845214844	0.4146
56.41465353965759	0.4145
56.68126606941223	0.4141
56.93363618850708	0.4178
57.19899344444275	0.4143
57.46385407447815	0.4143
57.73002243041992	0.4115
57.995002031326294	0.4114
58.26019597053528	0.4044
58.52624249458313	0.4028
58.79039168357849	0.3969
59.054277181625366	0.3974
59.30702042579651	0.3976
59.55782222747803	0.399
59.80987548828125	0.3989
60.07600474357605	0.3848
60.340413331985474	0.3847
60.607107639312744	0.3891
60.87500739097595	0.3891
61.12758541107178	0.3889
61.393927574157715	0.3889
61.65722370147705	0.3888
61.90990352630615	0.3888
62.175477743148804	0.3887
62.44160342216492	0.3888
62.7092182636261	0.3889
62.976436138153076	0.389
63.24030637741089	0.389
63.504258155822754	0.3889
63.767277002334595	0.389
64.03130531311035	0.3891
64.29613375663757	0.3701
64.54816508293152	0.3624
64.81092858314514	0.3623
65.0761604309082	0.3601
65.34017133712769	0.3471
65.60624623298645	0.3472
65.87002062797546	0.3472
66.13402152061462	0.3351
66.39993405342102	0.3375
66.66557455062866	0.3374
66.91788077354431	0.3374
67.17035436630249	0.3374
67.43488669395447	0.321
67.6864013671875	0.2901
67.95221996307373	0.2898
68.21510076522827	0.2898
68.48069524765015	0.2932
68.7418167591095	0.2662
69.0080144405365	0.2415
69.27089762687683	0.2205
69.53692817687988	0.1942
69.80298781394958	0.1765
70.06614899635315	0.1568
70.33041429519653	0.1383
70.59609842300415	0.1302
70.85771012306213	0.1082
71.10914468765259	0.1002
71.37377309799194	0.0924
71.63892126083374	0.0789
71.90428233146667	0.0728
72.15651869773865	0.0609
72.42230367660522	0.0532
72.68963623046875	0.046
72.95536732673645	0.046
73.22301268577576	0.046
73.48866891860962	0.046
73.75354146957397	0.0405
74.0197126865387	0.0317
74.28504347801208	0.0314
74.55056428909302	0.0318
74.81657266616821	0.0274
75.0831847190857	0.0275
75.33582401275635	0.0273
75.6003487110138	0.0275
75.86514735221863	0.0276
76.11883020401001	0.0276
76.37157678604126	0.0277
76.63445162773132	0.0277
76.88592028617859	0.0276
77.13794255256653	0.0277
77.39017033576965	0.0277
77.6544942855835	0.0275
77.92128109931946	0.0275
78.18518209457397	0.0308
78.43820118904114	0.0309
78.70473027229309	0.0308
78.97185134887695	0.0309
79.23638153076172	0.0307
79.50119948387146	0.0305
79.76571774482727	0.0304
80.01789665222168	0.0305
80.26975417137146	0.0305
80.53477764129639	0.0306
80.78678941726685	0.0305
81.05483961105347	0.0306
81.30490231513977	0.0288
81.55832076072693	0.0288
81.81131553649902	0.0288
82.0768678188324	0.0286
82.34269690513611	0.0392
82.59434390068054	0.0392
82.86029410362244	0.0391
83.12421345710754	0.0391
83.37797689437866	0.0391
83.64258456230164	0.0392
83.89664149284363	0.0451
84.14787292480469	0.045
84.39979791641235	0.045
84.65097904205322	0.0451
84.91616988182068	0.0448
85.1824221611023	0.0448
85.43438863754272	0.045
85.68602776527405	0.0298
85.95023083686829	0.0297
86.20198655128479	0.0229
86.4678521156311	0.0211
86.73427605628967	0.0232
86.99677562713623	0.0232
87.2633764743805	0.0232
87.52788090705872	0.0069
87.7949628829956	0.0069
88.05893516540527	0.0069
88.32694625854492	0.0102
88.59095573425293	-0.0079
88.85796928405762	-0.021
89.11009526252747	-0.021
89.3752293586731	-0.021
89.64172554016113	-0.021
89.89457416534424	-0.0211
90.1603856086731	-0.0211
90.42677474021912	-0.0212
90.67891001701355	-0.0212
90.93300294876099	-0.0212
91.19736289978027	-0.0211
91.44861340522766	-0.0209
91.70124554634094	-0.0209
91.96317052841187	-0.0209
92.21502876281738	-0.021
92.48108124732971	-0.021
92.74506378173828	-0.021
93.01210403442383	-0.0211
93.27910876274109	-0.0211
93.54344916343689	-0.021
93.80772399902344	-0.021
94.06141138076782	-0.021
94.32673811912537	-0.0211
94.59347224235535	-0.021
94.84628677368164	-0.021
95.09812235832214	-0.021
95.35022521018982	-0.021
95.60208678245544	-0.021
95.86730170249939	-0.0211
96.13149785995483	-0.0211
96.38527417182922	-0.0211
96.65208506584167	-0.0211
96.91801118850708	-0.0211
97.18490386009216	-0.0211
97.45167589187622	-0.0211
97.71603798866272	-0.0211
97.96876835823059	-0.021
98.23396849632263	-0.0211
98.49870920181274	-0.0211
98.7638692855835	-0.0211
99.01695418357849	-0.0211
99.28293490409851	-0.0211
99.53737592697144	-0.0211
99.80438566207886	-0.0211
100.06989812850952	-0.0211
100.33691000938416	-0.0211
100.6026246547699	-0.0211
100.8688497543335	-0.0211
101.11997175216675	-0.0211
101.38659334182739	-0.0211
101.65515732765198	-0.0211
101.91908669471741	-0.0211
102.18351221084595	-0.0211
102.44995999336243	-0.021
102.71559309959412	-0.021
102.9794774055481	-0.0211
103.24665260314941	-0.0211
103.51287817955017	-0.0211
103.77793431282043	-0.0211
104.04372835159302	-0.0211
104.30975341796875	-0.0212
104.57406187057495	-0.0211
104.8271119594574	-0.021
105.09442567825317	-0.021
105.36048245429993	-0.0211
105.62669658660889	-0.0211
105.89217329025269	-0.0211
106.15641522407532	-0.0211
106.40814423561096	-0.021
106.67367768287659	-0.021
106.93988513946533	-0.021
107.20374774932861	-0.021
107.45610308647156	-0.021
107.70973229408264	-0.021
107.9759030342102	-0.021
108.24241995811462	-0.021
108.49432468414307	-0.0211
108.76095390319824	-0.0212
109.0257043838501	-0.0212
109.28865885734558	-0.0212
109.54008221626282	-0.0212
109.80516266822815	-0.0212
110.07065558433533	-0.0211
110.33617234230042	-0.0211
110.60019111633301	-0.021
110.86503720283508	-0.0211
111.117262840271	-0.0211
111.3684778213501	-0.0211
111.62025928497314	-0.0212
111.88488149642944	-0.0211
112.13606071472168	-0.0211
112.40206813812256	-0.0211
112.66890692710876	-0.021
112.92045736312866	-0.021
113.17182731628418	-0.021
113.43819952011108	-0.0211
113.70524835586548	-0.0211
113.97180199623108	-0.0211
114.22603487968445	-0.021
114.47866034507751	-0.0211
114.73175764083862	-0.0211
114.99718761444092	-0.0211
115.2641429901123	-0.021
115.53056859970093	-0.0211
115.79622268676758	-0.0211
116.06345725059509	-0.0211
116.31591820716858	-0.021
116.581862449646	-0.021
116.83295440673828	-0.021
117.08524012565613	-0.021
117.35122323036194	-0.0211
117.6163854598999	-0.0211
117.88338685035706	-0.021
118.15081334114075	-0.0211
118.41679453849792	-0.0211
118.68136954307556	-0.0211
118.94522023200989	-0.0211
119.19745540618896	-0.021
119.45144081115723	-0.0211
119.71755146980286	-0.0211
119.97092413902283	-0.0211
120.23611283302307	-0.0211
120.48848938941956	-0.0211
120.74053192138672	-0.0211
120.99355983734131	-0.0211
121.24490714073181	-0.021
121.51141452789307	-0.021
121.77799081802368	-0.0212
122.04268550872803	-0.0212
122.30897307395935	-0.0211
122.56082153320312	-0.0212
122.81374621391296	-0.0211
123.07786774635315	-0.0211
123.33160662651062	-0.021
123.58305525779724	-0.0211
123.83451771736145	-0.0212
124.10056185722351	-0.0211
124.36737012863159	-0.0211
124.63273501396179	-0.0211
124.89696931838989	-0.0211
125.16367697715759	-0.0212
125.42733001708984	-0.0211
125.69195938110352	-0.0209
125.94507074356079	-0.021
126.21136617660522	-0.021
126.47842645645142	-0.021
126.74422240257263	-0.0212
126.99786615371704	-0.0213
127.26389956474304	-0.0212
127.52798390388489	-0.0211
127.78016209602356	-0.0212
128.04557514190674	-0.0212
128.3130509853363	-0.0212
128.5641016960144	-0.0211
128.82872223854065	-0.0211
129.09365916252136	-0.0212
129.34580278396606	-0.0212
129.597820520401	-0.0212
129.84902215003967	-0.0211
130.1142439842224	-0.0212
130.36759281158447	-0.0212
130.61933541297913	-0.0212
130.88447403907776	-0.0212
131.1509895324707	-0.0212
131.41845202445984	-0.0212
131.68365168571472	-0.0211
131.94926071166992	-0.0212
132.2027006149292	-0.0212
132.46911764144897	-0.0212
132.73579502105713	-0.0212
133.00164484977722	-0.0213
133.267826795578	-0.0213
133.53502488136292	-0.0213
133.79926180839539	-0.0213
134.05165100097656	-0.0213
134.31735849380493	-0.0214
134.58276772499084	-0.0213
134.83616542816162	-0.0213
135.1023292541504	-0.0213
135.35430073738098	-0.0213
135.60572481155396	-0.0213
135.85895490646362	-0.0213
136.124609708786	-0.0213
136.389497756958	-0.0213
136.65515780448914	-0.0212
136.91974091529846	-0.0212
137.17169952392578	-0.0212
137.43727922439575	-0.0212
137.70173621177673	-0.0212
137.96688604354858	-0.0212
138.21999955177307	-0.0212
138.47453999519348	-0.0212
138.7404909133911	-0.0212
139.00450921058655	-0.0212
139.26857328414917	-0.0212
139.53573203086853	-0.0212
139.8014063835144	-0.0212
140.05676245689392	-0.0212
140.3225667476654	-0.0212
140.5861358642578	-0.0212
140.84107518196106	-0.0211
141.1033136844635	-0.021
141.35624313354492	-0.0212
141.61941742897034	-0.0212
141.88674926757812	-0.0213
142.1385796070099	-0.0214
142.4038805961609	-0.0213
142.66988921165466	-0.0213
142.93618321418762	-0.0212
143.18939566612244	-0.0212
143.45304441452026	-0.0212
143.7051239013672	-0.0212
143.97198581695557	-0.0212
144.2244200706482	-0.0212
144.4883635044098	-0.0212
144.74025654792786	-0.0212
144.99222874641418	-0.0211
145.2580771446228	-0.0212
145.51012468338013	-0.0211
145.77335405349731	-0.0212
146.03840374946594	-0.0212
146.29040598869324	-0.0212
146.55505466461182	-0.0213
146.80835461616516	-0.0212
147.07459688186646	-0.0213
147.32676577568054	-0.0212
147.5920786857605	-0.0212
147.8436815738678	-0.0212
148.1103127002716	-0.0212
148.37601232528687	-0.0212
148.6415708065033	-0.0213
148.9056932926178	-0.0212
149.1692922115326	-0.0212
149.43380093574524	-0.0212
149.69916796684265	-0.0213
149.963800907135	-0.0212
150.21518635749817	-0.0212
150.46628832817078	-0.0213
150.73200297355652	-0.0212
150.99653220176697	-0.0212
151.2612383365631	-0.0214
151.52680945396423	-0.0215
151.77918243408203	-0.021
152.03026580810547	-0.0208
152.296448469162	-0.0207
152.54732966423035	-0.0205
152.79927277565002	-0.0207
153.05350732803345	-0.0208
153.31595921516418	-0.0205
153.5685269832611	-0.0209
153.82300543785095	-0.0209
154.0863332748413	-0.0213
154.3528904914856	-0.0215
154.61665201187134	-0.0212
154.8815896511078	-0.0213
155.13315343856812	-0.0213
155.39581203460693	-0.0213
155.66307926177979	-0.0212
155.9145863056183	-0.0211
156.16808128356934	-0.0211
156.42258667945862	-0.0212
156.687814950943	-0.0212
156.9390230178833	-0.0212
157.20497488975525	-0.0212
157.47010254859924	-0.0212
157.73679089546204	-0.0212
157.98859548568726	-0.0212
158.25173664093018	-0.0212
158.5178666114807	-0.0212
158.78461575508118	-0.0212
159.0498058795929	-0.0211
159.3152141571045	-0.0214
159.56763243675232	-0.0213
159.8331024646759	-0.0212
160.098708152771	-0.0212
160.3498899936676	-0.0213
160.6145498752594	-0.0211
160.8662006855011	-0.0212
161.13156843185425	-0.0213
161.38427019119263	-0.0212
161.63545870780945	-0.021
161.90275931358337	-0.0211
162.15372824668884	-0.0212
162.40540194511414	-0.0213
162.66939640045166	-0.0214
162.92263960838318	-0.0214
163.18627834320068	-0.0214
163.4527108669281	-0.0213
163.71894574165344	-0.0212
163.983793258667	-0.021
164.24774599075317	-0.0211
164.5150945186615	-0.0212
164.78076839447021	-0.0211
165.0461664199829	-0.0212
165.2973976135254	-0.0213
165.55029106140137	-0.0212
165.81797409057617	-0.0211
166.07005643844604	-0.0212
166.32235503196716	-0.0212
166.58636474609375	-0.0211
166.837956905365	-0.0212
167.0919382572174	-0.0211
167.34535455703735	-0.0211
167.60853695869446	-0.0211
167.86063385009766	-0.021
168.12752509117126	-0.021
168.37997603416443	-0.0211
168.63180589675903	-0.0212
168.8986303806305	-0.0213
169.16422367095947	-0.0212
169.4180018901825	-0.0212
169.68473887443542	-0.0212
169.9499912261963	-0.0212
170.21702075004578	-0.0213
170.48203086853027	-0.0211
170.7329294681549	-0.0211
170.98481225967407	-0.0211
171.23668670654297	-0.0212
171.502671957016	-0.0211
171.7682797908783	-0.0211
172.0317177772522	-0.021
172.29652428627014	-0.021
172.5476496219635	-0.0211
172.81309533119202	-0.0211
173.07969546318054	-0.021
173.34714531898499	-0.0211
173.59904956817627	-0.0211
173.86291027069092	-0.0211
174.12924599647522	-0.0211
174.38228392601013	-0.0211
174.63471627235413	-0.0211
174.88623237609863	-0.0211
175.13898229599	-0.0211
175.40441346168518	-0.0211
175.66964387893677	-0.0211
175.9368872642517	-0.0211
176.2024998664856	-0.0211
176.4691560268402	-0.0211
176.73292016983032	-0.0211
176.99985098838806	-0.0211
177.26130652427673	-0.0282
177.52795100212097	-0.0493
177.79152011871338	-0.0745
178.05649089813232	-0.0909
178.30909991264343	-0.1135
178.57250118255615	-0.1352
178.83475804328918	-0.1576
179.09935593605042	-0.1723
179.36204981803894	-0.1829
179.62741088867188	-0.1938
179.89543676376343	-0.2062
180.15804505348206	-0.2262
180.42256665229797	-0.2362
180.67526769638062	-0.248
180.92667293548584	-0.2528
181.1921980381012	-0.2446
181.4590287208557	-0.2587
181.72011470794678	-0.2678
181.98244738578796	-0.2901
182.2339849472046	-0.3021
182.498939037323	-0.3016
182.76440620422363	-0.3016
183.02664518356323	-0.3002
183.29140067100525	-0.3179
183.55381846427917	-0.3335
183.8174660205841	-0.3574
184.0822160243988	-0.3581
184.34633564949036	-0.3581
184.60980987548828	-0.3605
184.8748710155487	-0.3816
185.14089918136597	-0.3857
185.4047977924347	-0.3858
185.67121243476868	-0.4055
185.93614983558655	-0.4234
186.2014660835266	-0.4558
186.45369791984558	-0.4708
186.7057089805603	-0.4763
186.97065997123718	-0.4908
187.23297762870789	-0.4978
187.49726390838623	-0.5102
187.7489058971405	-0.5215
188.01395654678345	-0.5189
188.27899718284607	-0.5189
188.5305197238922	-0.519
188.78292727470398	-0.5191
189.04919052124023	-0.5191
189.31235122680664	-0.5292
189.579687833786	-0.5304
189.8438675403595	-0.5304
190.09600734710693	-0.5468
190.36107420921326	-0.5409
190.61468887329102	-0.5529
190.86673545837402	-0.5511
191.1313512325287	-0.5512
191.39513564109802	-0.5562
191.6469509601593	-0.559
191.89797115325928	-0.559
192.15015149116516	-0.5592
192.4168562889099	-0.5591
192.66827154159546	-0.5593
192.9319248199463	-0.5691
193.19655299186707	-0.5852
193.46274518966675	-0.5974
193.7270107269287	-0.6122
193.9938497543335	-0.6377
194.2603154182434	-0.6407
194.5240876674652	-0.6409
194.790203332901	-0.6409
195.0546989440918	-0.641
195.31851816177368	-0.6502
195.58170294761658	-0.682
195.8329565525055	-0.6927
196.09888529777527	-0.6902
196.36412358283997	-0.6901
196.63025498390198	-0.6903
196.89736676216125	-0.6903
197.16011834144592	-0.6905
197.41403436660767	-0.6905
197.68065309524536	-0.6903
197.9469096660614	-0.6903
198.2126829624176	-0.6906
198.47795248031616	-0.6906
198.73180317878723	-0.6905
198.9849967956543	-0.6903
199.25012969970703	-0.6904
199.51712489128113	-0.6903
199.7836937904358	-0.6904
200.04695463180542	-0.6905
200.29993224143982	-0.6904
200.56658959388733	-0.6903
200.8330237865448	-0.6902
201.08527326583862	-0.6901
201.35160517692566	-0.6902
201.61734533309937	-0.6903
201.8694667816162	-0.6902
202.13599848747253	-0.6903
202.40164351463318	-0.6902
202.66759324073792	-0.6903
202.91841912269592	-0.6903
203.1849763393402	-0.6902
203.45059871673584	-0.6902
203.7019591331482	-0.6902
203.9535276889801	-0.6902
204.20470476150513	-0.6902
204.4572365283966	-0.6902
204.7233612537384	-0.6901
204.98964548110962	-0.6902
205.24160194396973	-0.6902
205.50973391532898	-0.6903
205.77531242370605	-0.6903
206.04132533073425	-0.6903
206.3061842918396	-0.6903
206.5720772743225	-0.6903
206.83750677108765	-0.6903
207.10488629341125	-0.6903
207.37068605422974	-0.6903
207.62316918373108	-0.6902
207.8766951560974	-0.6903
208.14231038093567	-0.6902
208.39460372924805	-0.6903
208.65946865081787	-0.6903
208.9119906425476	-0.6903
209.17859196662903	-0.6903
209.44339156150818	-0.6903
209.70399713516235	-0.6903
209.96887755393982	-0.7099
210.23243474960327	-0.7224
210.4978151321411	-0.7292
210.76125526428223	-0.7513
211.0264823436737	-0.771
211.29083943367004	-0.7932
211.55565786361694	-0.816
211.8189389705658	-0.8213
212.08299732208252	-0.8411
212.3487787246704	-0.8386
212.61185884475708	-0.8582
212.86377787590027	-0.8581
213.13130903244019	-0.8582
213.38245558738708	-0.8581
213.64867043495178	-0.8526
213.90234065055847	-0.8551
214.16783380508423	-0.8551
214.43397569656372	-0.855
214.70109105110168	-0.8549
214.96695590019226	-0.8549
215.23220658302307	-0.8549
215.4843828678131	-0.8548
215.73531222343445	-0.8549
215.98771834373474	-0.8549
216.24018239974976	-0.8549
216.50649428367615	-0.8549
216.77220702171326	-0.8548
217.03793811798096	-0.8548
217.30146288871765	-0.8549
217.5676019191742	-0.8548
217.83257865905762	-0.8541
218.09567594528198	-0.8501
218.36119437217712	-0.8445
218.6232409477234	-0.8388
218.89092421531677	-0.8464
219.1549699306488	-0.8478
219.407124042511	-0.8355
219.6709280014038	-0.8255
219.93593764305115	-0.8293
220.20302510261536	-0.8181
220.46689915657043	-0.8198
220.7312433719635	-0.822
220.98248410224915	-0.807
221.2349247932434	-0.7979
221.49024271965027	-0.7925
221.7562358379364	-0.797
222.01976132392883	-0.7823
222.28195118904114	-0.7774
222.54820036888123	-0.774
222.81069707870483	-0.7652
223.07494282722473	-0.7662
223.33903551101685	-0.7594
223.590163230896	-0.753
223.85544800758362	-0.748
224.11795806884766	-0.7324
224.38182926177979	-0.7231
224.64587140083313	-0.7131
224.90793085098267	-0.7151
225.1736764907837	-0.7017
225.4355173110962	-0.6941
225.698260307312	-0.6938
225.95085525512695	-0.6879
226.21801352500916	-0.6747
226.4809594154358	-0.6693
226.74744319915771	-0.6658
227.0118956565857	-0.6637
227.27758073806763	-0.6651
227.53187918663025	-0.6451
227.7941517829895	-0.6525
228.05956602096558	-0.6341
228.32438135147095	-0.6385
228.5898940563202	-0.6276
228.85041451454163	-0.6315
229.11441016197205	-0.6168
229.37894773483276	-0.6294
229.64376974105835	-0.6131
229.90937900543213	-0.6121
230.17376923561096	-0.6089
230.43956398963928	-0.5926
230.70417642593384	-0.5984
230.96809816360474	-0.5985
231.23386192321777	-0.6001
231.48594665527344	-0.5875
231.75090146064758	-0.5876
232.01394748687744	-0.5904
232.2660093307495	-0.5899
232.5319309234619	-0.5823
232.79586052894592	-0.5769
233.06076836585999	-0.5676
233.32460594177246	-0.5808
233.58887720108032	-0.5794
233.85511350631714	-0.5787
234.12044477462769	-0.5752
234.38500237464905	-0.5603
234.65211153030396	-0.5609
234.9179413318634	-0.5659
235.18297219276428	-0.5634
235.4480013847351	-0.5656
235.7124307155609	-0.5622
235.9785876274109	-0.5589
236.24387550354004	-0.5565
236.50807905197144	-0.5536
236.77264046669006	-0.5444
237.03492641448975	-0.5386
237.30172991752625	-0.5461
237.56600308418274	-0.5407
237.83185458183289	-0.5258
238.0968542098999	-0.5333
238.36154985427856	-0.5217
238.62785816192627	-0.5293
238.89227890968323	-0.518
239.14323115348816	-0.5159
239.39616560935974	-0.5159
239.66030979156494	-0.5159
239.92702269554138	-0.5159
240.19479060173035	-0.5159
240.4459307193756	-0.5158
240.7083466053009	-0.5159
240.97444939613342	-0.5159
241.23887729644775	-0.5168
241.50572538375854	-0.5054
241.7698678970337	-0.5151
242.03319120407104	-0.5003
242.29799365997314	-0.491
242.54986119270325	-0.4972
242.81476211547852	-0.4836
243.07919669151306	-0.4988
243.34390354156494	-0.4988
243.60769772529602	-0.4982
243.87178945541382	-0.4853
244.136883020401	-0.4727
244.40188813209534	-0.4704
244.66802430152893	-0.467
244.93390440940857	-0.463
245.20507645606995	-0.4498
245.46524310112	-0.4593
245.72801041603088	-0.4531
245.9926736354828	-0.4532
246.2549512386322	-0.4532
246.52000832557678	-0.453
246.77135801315308	-0.4444
247.03793835639954	-0.4425
247.30193948745728	-0.4414
247.5539174079895	-0.4249
247.81981015205383	-0.4282
248.08543395996094	-0.4146
248.3525035381317	-0.4121
248.61487913131714	-0.4086
248.88056802749634	-0.4009
249.14379358291626	-0.4002
249.40694212913513	-0.3849
249.6728799343109	-0.3728
249.93619751930237	-0.3777
250.19995975494385	-0.3672
250.46691632270813	-0.3668
250.73204159736633	-0.3602
250.99486422538757	-0.3437
251.2616856098175	-0.3492
251.52529215812683	-0.3478
251.788325548172	-0.3478
252.05304598808289	-0.3477
252.31850695610046	-0.3477
252.58364295959473	-0.3477
252.84592390060425	-0.354
253.1110019683838	-0.3253
253.37684869766235	-0.3338
253.64391541481018	-0.3324
253.9088909626007	-0.3376
254.17076063156128	-0.321
254.42170453071594	-0.3282
254.68484354019165	-0.3201
254.947829246521	-0.312
255.20846819877625	-0.2971
255.47286224365234	-0.304
255.7382378578186	-0.2925
256.00169610977173	-0.3027
256.2533881664276	-0.2911
256.5186834335327	-0.284
256.7823679447174	-0.284
257.0466604232788	-0.2842
257.31115078926086	-0.2843
257.57787132263184	-0.2843
257.8418321609497	-0.2843
258.1063778400421	-0.2843
258.37247490882874	-0.2842
258.63480734825134	-0.2844
258.8990054130554	-0.2844
259.163861989975	-0.2844
259.4289071559906	-0.2844
259.693945646286	-0.2844
259.95889830589294	-0.2845
260.222128868103	-0.2844
260.4889495372772	-0.2843
260.7540855407715	-0.2844
261.01975440979004	-0.2844
261.2859351634979	-0.2843
261.54941749572754	-0.2843
261.80199909210205	-0.2843
262.06377053260803	-0.2844
262.3279414176941	-0.2844
262.59380197525024	-0.2843
262.8589005470276	-0.2843
263.1221294403076	-0.2843
263.3883035182953	-0.2843
263.6527056694031	-0.2843
263.9038670063019	-0.2843
264.1693902015686	-0.2843
264.4348726272583	-0.2842
264.7002103328705	-0.2842
264.9659366607666	-0.2843
265.2292275428772	-0.2844
265.49235796928406	-0.2843
265.75648832321167	-0.2843
266.02230048179626	-0.2843
266.2863657474518	-0.2843
266.55398988723755	-0.2843
266.81796860694885	-0.2842
267.0819501876831	-0.2842
267.343754529953	-0.2843
267.60893297195435	-0.2843
267.87369894981384	-0.2843
268.139532327652	-0.284
268.40592098236084	-0.2907
268.6699206829071	-0.2826
268.93542742729187	-0.2869
269.2000057697296	-0.2682
269.46192240715027	-0.2724
269.727548122406	-0.2586
269.99393486976624	-0.2646
270.26110887527466	-0.2646
270.5260012149811	-0.2646
270.7906229496002	-0.2645
271.05684757232666	-0.2646
271.32306027412415	-0.2646
271.5874025821686	-0.2653
271.85089778900146	-0.2692
272.1175272464752	-0.2691
272.37989473342896	-0.2577
272.64487409591675	-0.2674
272.91029024124146	-0.2675
273.1774687767029	-0.2674
273.42808961868286	-0.2673
273.6939470767975	-0.2666
273.95686435699463	-0.2568
274.22252583503723	-0.2598
274.4857249259949	-0.2543
274.7513654232025	-0.2655
275.0162262916565	-0.2562
275.2812523841858	-0.2527
275.54524779319763	-0.2553
275.8118999004364	-0.2545
276.07781529426575	-0.2467
276.34396982192993	-0.2429
276.6095950603485	-0.2456
276.87497448921204	-0.235
277.137975692749	-0.2436
277.40382838249207	-0.2446
277.6569139957428	-0.2399
277.9229898452759	-0.2438
278.19004797935486	-0.2439
278.45527029037476	-0.2438
278.70660161972046	-0.2438
278.96064925193787	-0.2438
279.2247757911682	-0.2439
279.49025082588196	-0.2438
279.74197912216187	-0.2439
280.0081000328064	-0.2438
280.2756304740906	-0.2438
280.5406906604767	-0.2438
280.7951009273529	-0.2438
281.04642701148987	-0.2438
281.3114438056946	-0.2439
281.57892513275146	-0.2448
281.8312819004059	-0.2447
282.0846903324127	-0.2447
282.3481674194336	-0.2447
282.6137447357178	-0.2447
282.8788502216339	-0.2447
283.1315722465515	-0.2447
283.396950006485	-0.2451
283.64825987815857	-0.2449
283.9137279987335	-0.2446
284.17911767959595	-0.2444
284.44456219673157	-0.2442
284.710364818573	-0.2442
284.97578525543213	-0.2444
285.2417573928833	-0.2447
285.5066316127777	-0.2449
285.7580351829529	-0.2451
286.01070857048035	-0.2452
286.26324486732483	-0.2452
286.53019189834595	-0.2453
286.7814486026764	-0.2454
287.0340461730957	-0.2453
287.28814578056335	-0.2453
287.5551254749298	-0.2452
287.8077847957611	-0.2451
288.0603415966034	-0.2449
288.32495188713074	-0.2448
288.59071254730225	-0.2449
288.85707664489746	-0.2449
289.1228847503662	-0.2449
289.3888421058655	-0.245
289.65554547309875	-0.2449
289.9198462963104	-0.2448
290.1854226589203	-0.2448
290.451801776886	-0.2448
290.7159652709961	-0.2449
290.9806671142578	-0.245
291.2358253002167	-0.245
291.50134539604187	-0.2451
291.76802587509155	-0.2451
292.0334532260895	-0.2452
292.2980146408081	-0.2453
292.5648374557495	-0.2454
292.8178267478943	-0.2454
293.0846354961395	-0.2454
293.3502867221832	-0.2454
293.6028232574463	-0.2454
293.85334873199463	-0.2454
294.10343408584595	-0.2454
294.3665521144867	-0.2453
294.63091564178467	-0.2452
294.8839204311371	-0.2452
295.1479856967926	-0.2452
295.39857840538025	-0.2413
295.6518020629883	-0.2305
295.9018635749817	-0.2506
296.1661431789398	-0.2421
296.43161725997925	-0.2404
296.694438457489	-0.2426
296.95845675468445	-0.2361
297.2238578796387	-0.2397
297.48783349990845	-0.2188
297.7527885437012	-0.2251
298.01645278930664	-0.2246
298.2818925380707	-0.2129
298.54467487335205	-0.2125
298.80913758277893	-0.2083
299.07090425491333	-0.212
299.3357574939728	-0.2052
299.5980131626129	-0.2112
299.86475801467896	-0.1919
300.1299123764038	-0.2004
300.39649271965027	-0.198
300.64782786369324	-0.1858
300.91189885139465	-0.1941
301.1759386062622	-0.1874
301.44089555740356	-0.175
301.7051100730896	-0.1779
301.96843671798706	-0.172
302.2331681251526	-0.169
302.49865889549255	-0.164
302.7628901004791	-0.1498
303.0280122756958	-0.1558
303.2911705970764	-0.1611
303.5424835681915	-0.1494
303.80594515800476	-0.1401
304.0676820278168	-0.1384
304.31898617744446	-0.1324
304.5847578048706	-0.1242
304.8516809940338	-0.1263
305.10367012023926	-0.1295
305.36719822883606	-0.1132
305.6316351890564	-0.114
305.89831948280334	-0.0944
306.1629135608673	-0.0948
306.4279410839081	-0.1007
306.69366908073425	-0.0876
306.95789647102356	-0.0853
307.2216486930847	-0.0793
307.472998380661	-0.0689
307.73683762550354	-0.0646
307.99966621398926	-0.0552
308.2512593269348	-0.0468
308.51489424705505	-0.0444
308.7798385620117	-0.0403
309.03223729133606	-0.0325
309.29783272743225	-0.0292
309.5612814426422	-0.0268
309.8277542591095	-0.0201
310.0928544998169	-0.0146
310.3577172756195	-0.0089
310.62180852890015	-0.0035
310.88703966140747	0.0048
311.149729013443	0.0016
311.4157977104187	0.0057
311.67867279052734	0.0168
311.94288873672485	0.0161
312.2084126472473	0.0199
312.47082805633545	0.0215
312.7346007823944	0.0282
313.0012049674988	0.0283
313.26499247550964	0.0369
313.52603578567505	0.0334
313.7931389808655	0.0347
314.0453186035156	0.0373
314.3127520084381	0.0406
314.5789203643799	0.0489
314.8303415775299	0.0567
315.0967392921448	0.0477
315.34713768959045	0.0546
315.6136381626129	0.0552
315.8668658733368	0.0618
316.131876707077	0.0566
316.39689803123474	0.0586
316.66345047950745	0.0615
316.9261314868927	0.0606
317.1907286643982	0.0614
317.45484805107117	0.0613
317.72311186790466	0.0613
317.98691153526306	0.0612
318.2537877559662	0.0612
318.519948720932	0.0612
318.78488278388977	0.0612
319.0505554676056	0.0612
319.3150441646576	0.0612
319.58111453056335	0.0612
319.8467342853546	0.0612
320.10975980758667	0.0611
320.3749454021454	0.0611
320.64031744003296	0.0611
320.9056851863861	0.0611
321.170880317688	0.0611
321.4368772506714	0.061
321.7029130458832	0.061
321.9649896621704	0.0649
322.2314875125885	0.0716
322.4960904121399	0.0717
322.7605950832367	0.0665
323.0260109901428	0.0679
323.2888853549957	0.0682
323.55454325675964	0.0695
323.8067955970764	0.0757
324.07108759880066	0.0844
324.33528661727905	0.0778
324.60031175613403	0.073
324.86549162864685	0.0744
325.1290431022644	0.0817
325.39388513565063	0.0691
325.65875911712646	0.0766
325.92478036880493	0.0834
326.19292163848877	0.0921
326.45671677589417	0.0853
326.7209007740021	0.1
326.9838261604309	0.0843
327.24779891967773	0.0959
327.49986147880554	0.1177
327.76360869407654	0.1115
328.0159764289856	0.1156
328.2814145088196	0.113
328.5469641685486	0.1182
328.81089544296265	0.1144
329.0759799480438	0.1306
329.3388934135437	0.1266
329.6045083999634	0.1342
329.8691349029541	0.1284
330.133896112442	0.1396
330.3981809616089	0.1478
330.66265416145325	0.1483
330.927547454834	0.1468
331.19218921661377	0.1525
331.44381046295166	0.1602
331.7078981399536	0.1651
331.969842672348	0.166
332.23573207855225	0.1708
332.49821305274963	0.1819
332.76579308509827	0.1851
333.0310618877411	0.1892
333.2956750392914	0.1862
333.5580110549927	0.1936
333.8227536678314	0.2016
334.07421040534973	0.2053
334.3410277366638	0.2066
334.6074306964874	0.2067
334.8592965602875	0.2066
335.1249189376831	0.2066
335.3776590824127	0.2066
335.6420900821686	0.2065
335.90757608413696	0.2065
336.1592881679535	0.2064
336.4120008945465	0.2064
336.67718148231506	0.2064
336.929625749588	0.2065
337.1801800727844	0.2065
337.4328465461731	0.2066
337.6982696056366	0.2067
337.94969964027405	0.2067
338.20205879211426	0.2067
338.4544589519501	0.2069
338.70727825164795	0.2068
338.9578318595886	0.207
339.2103953361511	0.2071
339.46557688713074	0.207
339.73016715049744	0.207
339.99827885627747	0.207
340.2638339996338	0.2071
340.52887439727783	0.2071
340.7948226928711	0.2073
341.04783749580383	0.2074
341.31543588638306	0.2076
341.5817246437073	0.2076
341.8326427936554	0.2076
342.0967035293579	0.2076
342.36252617836	0.2077
342.6277096271515	0.2075
342.8799831867218	0.2076
343.14472937583923	0.2076
343.41230392456055	0.2076
343.6767885684967	0.2076
343.9423100948334	0.2075
344.19556188583374	0.2075
344.46220207214355	0.2076
344.72526025772095	0.2077
344.9762170314789	0.2077
345.22779154777527	0.2076
345.4931616783142	0.2075
345.7597303390503	0.2074
346.01470470428467	0.2073
346.2666883468628	0.2073
346.53238439559937	0.2073
346.79888558387756	0.2074
347.06399059295654	0.2074
347.3284842967987	0.2075
347.5923397541046	0.2075
347.8464081287384	0.2075
348.10082173347473	0.2075
348.36746740341187	0.2077
348.63053011894226	0.2078
348.893009185791	0.2079
349.1592321395874	0.2078
349.42684721946716	0.2078
349.6930115222931	0.2077
349.9458041191101	0.2076
350.2121036052704	0.2075
350.4794647693634	0.2074
350.745662689209	0.2073
351.012277841568	0.2074
351.26399278640747	0.2074
351.51544880867004	0.2075
351.781613111496	0.2074
352.04676365852356	0.2079
352.3107192516327	0.2079
352.5769805908203	0.2076
352.843186378479	0.2078
353.10689663887024	0.2079
353.3733010292053	0.2077
353.6262035369873	0.2077
353.88960099220276	0.2077
354.1548991203308	0.2077
354.4196116924286	0.2077
354.68520283699036	0.2077
354.93815875053406	0.2077
355.20288491249084	0.2077
355.47000670433044	0.2078
355.7363495826721	0.2079
355.9906816482544	0.2078
356.2555162906647	0.2078
356.5076403617859	0.2078
356.7739191055298	0.2077
357.0376226902008	0.2077
357.30089235305786	0.2077
357.567804813385	0.2076
357.83302783966064	0.2075
358.09917545318604	0.2075
358.3629312515259	0.2075
358.6139850616455	0.2076
358.8803596496582	0.2078
359.13252329826355	0.208
359.3853135108948	0.208
359.65194749832153	0.2082
359.9180679321289	0.2081
360.1843411922455	0.208
360.43515276908875	0.208
360.7004716396332	0.2081
360.96567726135254	0.2082
361.21763801574707	0.208
361.4836513996124	0.208
361.75018644332886	0.2081
362.0175983905792	0.2082
362.2828269004822	0.2082
362.54507994651794	0.2082
362.81142258644104	0.2083
363.07814478874207	0.2083
363.34373116493225	0.2083
363.59588718414307	0.2083
363.8485276699066	0.2082
364.1148850917816	0.208
364.38154792785645	0.208
364.6362750530243	0.2081
364.9015488624573	0.2082
365.1547772884369	0.2082
365.40866231918335	0.2082
365.6748607158661	0.208
365.94167256355286	0.208
366.2066032886505	0.208
366.4717786312103	0.2079
366.72362208366394	0.2079
366.9897093772888	0.2079
367.24402236938477	0.2078
367.51035141944885	0.2077
367.76261711120605	0.208
368.01450657844543	0.208
368.2791624069214	0.208
368.5449469089508	0.2079
368.796217918396	0.2079
369.04917001724243	0.208
369.3138391971588	0.2081
369.5661840438843	0.2082
369.8316662311554	0.2083
370.09519958496094	0.2083
370.3595860004425	0.2081
370.6121230125427	0.208
370.8646309375763	0.2086
371.1297833919525	0.2081
371.3815016746521	0.2083
371.6474435329437	0.2082
371.9133870601654	0.2081
372.18034291267395	0.208
372.44431352615356	0.2079
372.71053409576416	0.2078
372.9637362957001	0.2075
373.23023080825806	0.2074
373.49511337280273	0.2073
373.76210951805115	0.2073
374.0274107456207	0.2075
374.291485786438	0.2079
374.54360914230347	0.208
374.8070180416107	0.2081
375.0597937107086	0.208
375.32596015930176	0.208
375.59010124206543	0.2077
375.84236192703247	0.2076
376.10841393470764	0.2076
376.37342166900635	0.2077
376.62581634521484	0.2078
376.8792767524719	0.2078
377.1458988189697	0.2078
377.3969988822937	0.2078
377.6626431941986	0.2078
377.9296350479126	0.2077
378.195588350296	0.2076
378.46194338798523	0.2076
378.728000164032	0.2076
378.9947052001953	0.2077
379.24658465385437	0.208
379.51008653640747	0.208
379.777302980423	0.2078
380.0443649291992	0.208
380.31126260757446	0.2079
380.5634639263153	0.2078
380.82986998558044	0.2079
381.0959804058075	0.2079
381.3487665653229	0.208
381.61425828933716	0.2079
381.88127183914185	0.2078
382.1477460861206	0.2079
382.4155445098877	0.2079
382.68267250061035	0.2081
382.9369921684265	0.2082
383.2028555870056	0.2083
383.4698848724365	0.2084
383.72076439857483	0.2084
383.9879353046417	0.2083
384.2402675151825	0.2082
384.5065212249756	0.2081
384.75836062431335	0.2081
385.0243830680847	0.2083
385.27646470069885	0.2083
385.52870893478394	0.2084
385.79494071006775	0.2084
386.0602054595947	0.2085
386.313054561615	0.2088
386.57954692840576	0.2089
386.8440923690796	0.2089
387.0973436832428	0.2089
387.3637635707855	0.2089
387.6282227039337	0.2089
387.8957040309906	0.209
388.16203212738037	0.209
388.41678404808044	0.2089
388.67061161994934	0.2089
388.9367139339447	0.2088
389.20403933525085	0.2087
389.47068071365356	0.2086
389.7244122028351	0.2087
389.9768981933594	0.2087
390.2425193786621	0.2089
390.5064113140106	0.2088
390.77047991752625	0.2088
391.0362296104431	0.2089
391.28836393356323	0.2088
391.5537233352661	0.2089
391.82026195526123	0.2091
392.0857779979706	0.209
392.35154128074646	0.2089
392.6173610687256	0.2088
392.87007427215576	0.2089
393.12222719192505	0.2087
393.3887016773224	0.2085
393.6542444229126	0.2083
393.9078290462494	0.2082
394.1707878112793	0.2083
394.4375386238098	0.2085
394.6900956630707	0.2085
394.95530223846436	0.2086
395.22052550315857	0.2086
395.47322964668274	0.2086
395.7376539707184	0.2087
395.98912811279297	0.2088
396.24158930778503	0.2091
396.49556064605713	0.2089
396.76139855384827	0.2088
397.0267541408539	0.2084
397.27886962890625	0.2083
397.5460958480835	0.2083
397.81284260749817	0.2082
398.06404519081116	0.208
398.33156847953796	0.2079
398.5969784259796	0.208
398.86348605155945	0.2081
399.11587500572205	0.208
399.38383984565735	0.208
399.648330450058	0.208
399.9025948047638	0.208
400.16716504096985	0.208
400.4199833869934	0.2079
400.68607330322266	0.2079
400.94916343688965	0.208
401.2020220756531	0.2081
401.4674139022827	0.2082
401.73447585105896	0.2082
402.0004620552063	0.2083
402.2669610977173	0.2083
402.5323977470398	0.2083
402.7988872528076	0.2083
403.0641634464264	0.2084
403.32967591285706	0.2084
403.5812201499939	0.2084
403.83272337913513	0.2084
404.08521366119385	0.2084
404.3374693393707	0.2085
404.58890199661255	0.2086
404.8550968170166	0.2086
405.11904644966125	0.2086
405.3857789039612	0.2085
405.6489658355713	0.2085
405.915087223053	0.2087
406.16723442077637	0.2085
406.4320662021637	0.2084
406.69735074043274	0.2083
406.9508032798767	0.2084
407.2173626422882	0.2083
407.4838635921478	0.2083
407.7363793849945	0.2084
407.9886140823364	0.2083
408.2548577785492	0.2081
408.50629019737244	0.208
408.7716474533081	0.208
409.02419805526733	0.208
409.2908043861389	0.2081
409.5431525707245	0.2082
409.79536867141724	0.208
410.04991722106934	0.208
410.31578969955444	0.208
410.56689500808716	0.208
410.81951093673706	0.2084
411.0721061229706	0.2083
411.3376042842865	0.2082
411.60069251060486	0.2081
411.8527376651764	0.208
412.11597967147827	0.2081
412.38156175613403	0.2083
412.6466906070709	0.2082
412.91405296325684	0.2083
413.16420698165894	0.2083
413.41731572151184	0.2082
413.6710569858551	0.2082
413.9368488788605	0.2079
414.1887650489807	0.208
414.45251417160034	0.2082
414.70356011390686	0.208
414.9675896167755	0.208
415.2201244831085	0.208
415.4858067035675	0.2081
415.74703645706177	0.2081
416.0102138519287	0.2083
416.26281452178955	0.2086
416.5290455818176	0.2085
416.79367876052856	0.2086
417.05980253219604	0.2084
417.3241741657257	0.2082
417.5885560512543	0.2082
417.8409562110901	0.2083
418.0937376022339	0.2084
418.3610534667969	0.2087
418.6118485927582	0.2089
418.86483883857727	0.2088
419.11766600608826	0.2088
419.37290692329407	0.2087
419.63836002349854	0.2087
419.90488600730896	0.2088
420.157306432724	0.2087
420.4097697734833	0.2086
420.67670011520386	0.2087
420.9427742958069	0.2085
421.20904541015625	0.2084
421.46152210235596	0.2084
421.7279453277588	0.2083
421.9785876274109	0.2082
422.2457661628723	0.208
422.4990463256836	0.2078
422.7526500225067	0.208
423.0172538757324	0.208
423.2821614742279	0.2081
423.548495054245	0.2082
423.81440472602844	0.2083
424.07018995285034	0.2082
424.33643078804016	0.2083
424.5874047279358	0.2083
424.8396451473236	0.2083
425.10656905174255	0.2081
425.3722448348999	0.2079
425.6371238231659	0.2079
425.88905334472656	0.2078
426.1421477794647	0.2078
426.40819907188416	0.2078
426.674311876297	0.2079
426.92677545547485	0.2081
427.177298784256	0.2082
427.4295952320099	0.2082
427.6831681728363	0.2081
427.93441128730774	0.2082
428.1857991218567	0.2081
428.45008301734924	0.2082
428.71436190605164	0.2084
428.979877948761	0.2085
429.2458083629608	0.2085
429.4968764781952	0.2084
429.7493939399719	0.2082
430.01429057121277	0.2083
430.28051018714905	0.2084
430.54463720321655	0.2084
430.8114368915558	0.2083
431.0778057575226	0.2082
431.3440616130829	0.208
431.61042046546936	0.2078
431.8630995750427	0.2076
432.11685132980347	0.2074
432.36998176574707	0.2075
432.63451886177063	0.2075
432.8866629600525	0.2078
433.1531894207001	0.2089
433.40496373176575	0.2088
433.6695394515991	0.2093
433.9354510307312	0.2091
434.1881241798401	0.2087
434.4523060321808	0.2087
434.71859884262085	0.2085
434.969669342041	0.2081
435.22163462638855	0.2077
435.4878480434418	0.2076
435.7404851913452	0.2073
435.99387788772583	0.2072
436.2476086616516	0.2078
436.5009489059448	0.2089
436.7672142982483	0.2092
437.01929450035095	0.2089
437.2714333534241	0.2088
437.5359947681427	0.209
437.80262875556946	0.2091
438.06855821609497	0.209
438.33251214027405	0.2088
438.5852358341217	0.2085
438.8383364677429	0.2083
439.1036388874054	0.2082
439.3700408935547	0.2083
439.63446736335754	0.2082
439.88698077201843	0.2082
440.1514754295349	0.2085
440.4162063598633	0.2089
440.681813955307	0.2091
440.9492506980896	0.2091
441.2136433124542	0.209
441.47791171073914	0.209
441.74416279792786	0.2089
441.9963068962097	0.2089
442.2509825229645	0.2089
442.5138421058655	0.2088
442.7786600589752	0.2087
443.0442547798157	0.2086
443.2953760623932	0.2086
443.56201171875	0.2087
443.814683675766	0.2087
444.07891368865967	0.2087
444.3434491157532	0.2086
444.59618067741394	0.2083
444.8605110645294	0.2086
445.1258351802826	0.2088
445.3789575099945	0.2091
445.6446330547333	0.209
445.8975946903229	0.2083
446.14931297302246	0.2081
446.41310596466064	0.2081
446.66621351242065	0.208
446.9182198047638	0.2079
447.1840672492981	0.2086
447.4494786262512	0.2091
447.701210975647	0.2088
447.96652817726135	0.2087
448.2313873767853	0.2088
448.4940721988678	0.2089
448.7586462497711	0.2088
449.0111753940582	0.2088
449.26364946365356	0.2087
449.52911162376404	0.2088
449.7945387363434	0.2088
450.0602388381958	0.2089
450.31324434280396	0.2091
450.5646724700928	0.2088
450.8304817676544	0.2086
451.09586477279663	0.2085
451.3605327606201	0.2085
451.6247446537018	0.2085
451.8771140575409	0.2085
452.1405909061432	0.2087
452.4062023162842	0.2087
452.6712648868561	0.2086
452.93772983551025	0.2083
453.2032821178436	0.2082
453.4685232639313	0.2083
453.72124099731445	0.2084
453.98728466033936	0.2083
454.2498278617859	0.2082
454.5025095939636	0.2081
454.76833605766296	0.208
455.03442311286926	0.208
455.2998194694519	0.208
455.56481885910034	0.2083
455.8303773403168	0.209
456.08253479003906	0.209
456.3348412513733	0.2088
456.60012674331665	0.2085
456.85299348831177	0.2078
457.1049597263336	0.2087
457.35662841796875	0.2083
457.6089029312134	0.2083
457.8748173713684	0.2091
458.1410765647888	0.2087
458.4072468280792	0.2086
458.67252802848816	0.2095
458.9392247200012	0.209
459.2057685852051	0.2082
459.4718403816223	0.2082
459.7227108478546	0.2083
459.98931336402893	0.2084
460.2538514137268	0.2086
460.5209074020386	0.2086
460.7884478569031	0.2081
461.04006266593933	0.2079
461.30584025382996	0.2083
461.5587134361267	0.2084
461.8109447956085	0.2085
462.06257462501526	0.2083
462.3286304473877	0.208
462.5809941291809	0.2089
462.84796261787415	0.2084
463.11413645744324	0.2083
463.378377199173	0.2084
463.63075828552246	0.2086
463.89560055732727	0.2083
464.14814162254333	0.2081
464.41460728645325	0.2082
464.67843103408813	0.2081
464.9303653240204	0.208
465.1834225654602	0.2079
465.4479877948761	0.2078
465.71364068984985	0.2075
465.964718580246	0.2079
466.21709394454956	0.2084
466.4708273410797	0.2082
466.7352979183197	0.2081
467.0018093585968	0.208
467.25427770614624	0.2077
467.5198595523834	0.2081
467.7870194911957	0.2085
468.03894209861755	0.208
468.29096150398254	0.208
468.5571241378784	0.2082
468.82214760780334	0.2081
469.0752007961273	0.2082
469.32813143730164	0.2083
469.5929250717163	0.2085
469.8589286804199	0.2087
470.12401151657104	0.2086
470.3901572227478	0.2085
470.64341497421265	0.2086
470.89606165885925	0.2085
471.14776825904846	0.2085
471.400869846344	0.2085
471.65308904647827	0.2087
471.91770219802856	0.2084
472.1855983734131	0.2083
472.45190620422363	0.2084
472.7045843601227	0.2084
472.97115325927734	0.2087
473.23700618743896	0.2084
473.5039892196655	0.2083
473.7707009315491	0.2086
474.02252173423767	0.2084
474.2880163192749	0.2084
474.5536334514618	0.2086
474.8057293891907	0.2087
475.0587773323059	0.2086
475.3249454498291	0.2085
475.5776286125183	0.2085
475.8308279514313	0.2085
476.0945854187012	0.2085
476.36136770248413	0.2085
476.6275951862335	0.2084
476.87851190567017	0.2084
477.13099789619446	0.2083
477.3828043937683	0.2081
477.64985966682434	0.2079
477.9142107963562	0.2078
478.1796169281006	0.2078
478.44462752342224	0.2079
478.7094781398773	0.208
478.96251487731934	0.2083
479.2152588367462	0.2083
479.4786515235901	0.2081
479.7441234588623	0.2079
479.994873046875	0.2078
480.24821305274963	0.2077
480.51375818252563	0.2077
480.77996706962585	0.2077
481.04615926742554	0.2076
481.31327629089355	0.208
481.5653712749481	0.2083
481.8306465148926	0.2083
482.0934705734253	0.2078
482.345333814621	0.2088
482.6109426021576	0.2082
482.8761100769043	0.2086
483.1279442310333	0.2086
483.3810317516327	0.2082
483.6433732509613	0.208
483.8954265117645	0.2073
484.1464111804962	0.2078
484.410546541214	0.2083
484.6766710281372	0.2084
484.9424479007721	0.208
485.206964969635	0.2081
485.47159814834595	0.2081
485.73772406578064	0.2079
486.0024313926697	0.2079
486.2667429447174	0.208
486.51843070983887	0.208
486.7709686756134	0.2079
487.0386040210724	0.2081
487.3044548034668	0.2082
487.5702874660492	0.2081
487.8354835510254	0.2082
488.0870280265808	0.2081
488.3397388458252	0.2081
488.606397151947	0.2081
488.8706715106964	0.2079
489.1363115310669	0.2078
489.40233302116394	0.2079
489.6536695957184	0.2079
489.91918754577637	0.208
490.18576216697693	0.208
490.43799233436584	0.208
490.7035689353943	0.2082
490.9665493965149	0.2083
491.23283529281616	0.2083
491.4994809627533	0.2082
491.76416635513306	0.2081
492.0304682254791	0.2081
492.2973895072937	0.2082
492.5609338283539	0.2082
492.8128628730774	0.2082
493.0775537490845	0.2082
493.3438925743103	0.2082
493.6051526069641	0.2082
493.85750794410706	0.2082
494.1234600543976	0.2082
494.38910150527954	0.2081
494.64194107055664	0.2082
494.90772795677185	0.2083
495.1590790748596	0.2083
495.41040658950806	0.2082
495.66173458099365	0.2082
495.91505670547485	0.2081
496.1673831939697	0.208
496.42221665382385	0.2081
496.68842911720276	0.208
496.95318627357483	0.208
497.21878123283386	0.2081
497.48477602005005	0.2081
497.7501585483551	0.2082
498.00291109085083	0.2082
498.2670724391937	0.2083
498.5318741798401	0.2082
498.79736828804016	0.2082
499.0630269050598	0.2082
499.3160009384155	0.2082
499.5817012786865	0.2081
499.8329119682312	0.208
500.09827876091003	0.208
500.36470079421997	0.208
500.6157784461975	0.208
500.86736607551575	0.208
501.1329970359802	0.208
501.3985843658447	0.208
501.6631577014923	0.208
501.9304540157318	0.2082
502.19552779197693	0.2083
502.46284651756287	0.2084
502.72769379615784	0.2081
502.9933731555939	0.2078
503.24698281288147	0.2075
503.511518239975	0.2076
503.77749490737915	0.2078
504.02906465530396	0.208
504.28139424324036	0.2082
504.54685616493225	0.2079
504.8132860660553	0.2078
505.0798542499542	0.2079
505.3306202888489	0.2079
505.59756779670715	0.2079
505.86507868766785	0.2081
506.1324813365936	0.2081
506.39869689941406	0.2082
506.6663670539856	0.2082
506.93276286125183	0.2082
507.198180437088	0.208
507.4524884223938	0.2078
507.718731880188	0.2076
507.9835546016693	0.2075
508.24915981292725	0.2077
508.51540994644165	0.2077
508.7679328918457	0.2077
509.0188069343567	0.2079
509.27234148979187	0.2081
509.53804993629456	0.2079
509.802481174469	0.2079
510.06857323646545	0.2081
510.31993222236633	0.2081
510.5722782611847	0.2075
510.8379089832306	0.2072
511.1033627986908	0.2075
511.3560972213745	0.2076
511.6212921142578	0.2076
511.87347412109375	0.2078
512.1370475292206	0.2076
512.3903589248657	0.2077
512.6425471305847	0.2082
512.907413482666	0.2083
513.1608240604401	0.2083
513.4121870994568	0.2081
513.6643130779266	0.2081
513.9299163818359	0.2079
514.1834387779236	0.2079
514.4497656822205	0.208
514.7038998603821	0.2081
514.9566788673401	0.2081
515.2236053943634	0.2083
515.4871945381165	0.2082
515.7522835731506	0.2081
516.0165224075317	0.2081
516.2829082012177	0.208
516.5495872497559	0.208
516.8148145675659	0.2079
517.0812358856201	0.2078
517.3462204933167	0.2077
517.6122229099274	0.2077
517.8787987232208	0.2076
518.1323091983795	0.2075
518.3846275806427	0.2076
518.6497535705566	0.2075
518.915032863617	0.2076
519.1826491355896	0.2075
519.4491329193115	0.2074
519.7022972106934	0.2072
519.9547595977783	0.2071
520.2053411006927	0.207
520.4709188938141	0.2069
520.7221229076385	0.2068
520.9857549667358	0.2068
521.2369236946106	0.2069
521.4893157482147	0.2069
521.7541046142578	0.2068
522.0054252147675	0.2068
522.2579855918884	0.2067
522.52197265625	0.2068
522.7879829406738	0.2069
523.04176902771	0.2073
523.3086836338043	0.2076
523.5597975254059	0.2078
523.8117065429688	0.2081
524.0792825222015	0.2082
524.3326387405396	0.2086
524.5829374790192	0.2087
524.8498427867889	0.2082
525.1151881217957	0.2082
525.3679766654968	0.2079
525.6335215568542	0.2083
525.8994114398956	0.2078
526.1658446788788	0.2081
526.4315140247345	0.2078
526.6977007389069	0.2082
526.9479866027832	0.2076
527.2145118713379	0.2078
527.4804437160492	0.2082
527.7324106693268	0.2081
527.9853043556213	0.2084
528.2492156028748	0.208
528.5155746936798	0.2074
528.768637418747	0.2081
529.0335476398468	0.2082
529.2999460697174	0.2079
529.553147315979	0.2078
529.8187546730042	0.2077
530.0709247589111	0.2078
530.3222253322601	0.2081
530.5751404762268	0.2081
530.8405396938324	0.2083
531.1058464050293	0.208
531.3583524227142	0.2078
531.6210610866547	0.2081
531.8711106777191	0.2079
532.1245868206024	0.2081
532.3762302398682	0.2083
532.6421799659729	0.2083
532.9086444377899	0.2083
533.1606192588806	0.2081
533.4263925552368	0.2083
533.6781270503998	0.2088
533.9428164958954	0.208
534.1948537826538	0.2082
534.445761680603	0.2079
534.697892665863	0.208
534.9502971172333	0.2087
535.2165069580078	0.2088
535.4679684638977	0.2089
535.7210493087769	0.2088
535.9875988960266	0.2088
536.2417366504669	0.2081
536.5067455768585	0.2085
536.7717950344086	0.208
537.0240547657013	0.2079
537.2896797657013	0.208
537.541018486023	0.2082
537.8072628974915	0.2079
538.0608084201813	0.2083
538.3272769451141	0.208
538.5910189151764	0.208
538.8579671382904	0.2079
539.1091091632843	0.2078
539.3735222816467	0.2079
539.6370630264282	0.208
539.8899064064026	0.2078
540.1421661376953	0.2082
540.3942577838898	0.2081
540.6584551334381	0.2081
540.9104599952698	0.2085
541.1781239509583	0.2085
541.4444365501404	0.2083
541.7083756923676	0.2081
541.9593753814697	0.2082
542.2117307186127	0.2083
542.4643354415894	0.2083
542.730813741684	0.2082
542.9962842464447	0.208
543.2484591007233	0.2074
543.5138597488403	0.2075
543.7785222530365	0.2076
544.0310406684875	0.2076
544.2966012954712	0.2073
544.5626382827759	0.2072
544.815333366394	0.2074
545.0799572467804	0.2078
545.3443250656128	0.208
545.5948402881622	0.2077
545.8610565662384	0.2074
546.1256296634674	0.2072
546.3910546302795	0.207
546.6570508480072	0.2073
546.9230005741119	0.2082
547.1871109008789	0.2086
547.4524083137512	0.208
547.705023765564	0.208
547.9689173698425	0.2083
548.2203645706177	0.2083
548.4864530563354	0.2083
548.7517604827881	0.2081
549.0182919502258	0.208
549.2841472625732	0.2077
549.5343027114868	0.2075
549.7869737148285	0.2072
550.0409970283508	0.207
550.3050482273102	0.2071
550.5579493045807	0.207
550.8118088245392	0.2081
551.078761100769	0.2078
551.3446073532104	0.2078
551.6092457771301	0.208
551.8755140304565	0.2079
552.1426610946655	0.2075
552.4067602157593	0.2076
552.6738150119781	0.2083
552.9412312507629	0.208
553.2078940868378	0.2079
553.4594945907593	0.2084
553.7265174388885	0.2089
553.992696762085	0.2086
554.2581622600555	0.2086
554.5097804069519	0.2085
554.7612774372101	0.2083
555.0165810585022	0.2083
555.2799401283264	0.2075
555.5340292453766	0.2078
555.8006994724274	0.2077
556.0663828849792	0.208
556.332893371582	0.2082
556.5967552661896	0.208
556.8628854751587	0.2078
557.1280119419098	0.2075
557.3796105384827	0.2076
557.6455183029175	0.2078
557.9115879535675	0.2079
558.178112745285	0.208
558.4316523075104	0.208
558.683525800705	0.208
558.9352667331696	0.2078
559.1876084804535	0.2074
559.4529485702515	0.2072
559.7182810306549	0.2079
559.9850730895996	0.2086
560.237517118454	0.2084
560.502161026001	0.2082
560.7533714771271	0.208
561.0053453445435	0.208
561.2718222141266	0.2081
561.5364301204681	0.208
561.8003952503204	0.208
562.0650701522827	0.2079
562.3174276351929	0.208
562.5840318202972	0.208
562.8491158485413	0.2081
563.1152482032776	0.2085
563.3788666725159	0.2087
563.6311247348785	0.2086
563.8846333026886	0.2086
564.1496465206146	0.2086
564.4155917167664	0.2089
564.680472612381	0.209
564.9456782341003	0.2089
565.2099719047546	0.2088
565.4765899181366	0.2088
565.740936756134	0.209
566.005330324173	0.2092
566.2715094089508	0.2088
566.5374519824982	0.2086
566.78972697258	0.2084
567.055025100708	0.2081
567.3093645572662	0.2079
567.5761215686798	0.2078
567.8421611785889	0.2079
568.1084852218628	0.2078
568.3616683483124	0.2079
568.6130692958832	0.2079
568.8656306266785	0.2079
569.1311204433441	0.208
569.3848118782043	0.2081
569.6517324447632	0.208
569.9157955646515	0.2081
570.169107913971	0.2082
570.4349617958069	0.2081
570.7004945278168	0.2082
570.9675686359406	0.2084
571.2319843769073	0.2084
571.4983985424042	0.2084
571.7654547691345	0.2086
572.0297286510468	0.2084
572.2934293746948	0.2085
572.5448462963104	0.2084
572.8120374679565	0.2085
573.0777146816254	0.2085
573.3431034088135	0.2085
573.6086120605469	0.2084
573.8747737407684	0.2082
574.1386957168579	0.2081
574.4052498340607	0.208
574.6702647209167	0.2079
574.9217684268951	0.2079
575.1884286403656	0.2078
575.4546964168549	0.2076
575.7206561565399	0.2076
575.9858889579773	0.2075
576.2529740333557	0.2075
576.5052580833435	0.2074
576.7573454380035	0.2074
577.0233309268951	0.2073
577.2903554439545	0.2073
577.5574448108673	0.2072
577.8089282512665	0.2071
578.0751690864563	0.2071
578.3266866207123	0.2073
578.5804278850555	0.2074
578.845555305481	0.2076
579.0975689888	0.2079
579.364503622055	0.2081
579.6287899017334	0.2081
579.8931486606598	0.208
580.1573224067688	0.2081
580.4233973026276	0.2079
580.6893768310547	0.2076
580.9542145729065	0.2076
581.2176377773285	0.2081
581.4838387966156	0.2082
581.7353818416595	0.2079
582.0017325878143	0.2075
582.2538423538208	0.2071
582.5199484825134	0.2071
582.7853860855103	0.207
583.0375270843506	0.207
583.3037385940552	0.2071
583.568874835968	0.2076
583.8347501754761	0.2078
584.0995388031006	0.2078
584.3527529239655	0.2077
584.6049642562866	0.2078
584.8571269512177	0.208
585.1110782623291	0.2081
585.378072977066	0.208
585.6428270339966	0.208
585.9090943336487	0.2079
586.1757562160492	0.208
586.4428071975708	0.208
586.6955111026764	0.2081
586.9583868980408	0.208
587.2245998382568	0.208
587.4910724163055	0.208
587.7552206516266	0.2079
588.0217282772064	0.208
588.2742805480957	0.208
588.5264344215393	0.2079
588.7911200523376	0.2079
589.0576088428497	0.2079
589.3233466148376	0.2079
589.5897395610809	0.2079
589.8423442840576	0.2078
590.0927484035492	0.2076
590.3448350429535	0.2075
590.5986812114716	0.2075
590.8520121574402	0.2078
591.1028587818146	0.2081
591.3571507930756	0.2084
591.6117372512817	0.2085
591.8640639781952	0.2084
592.1303491592407	0.2084
592.3856334686279	0.2083
592.6409904956818	0.2083
592.8946599960327	0.2082
593.1470577716827	0.208
593.3980374336243	0.2078
593.6605410575867	0.2078
593.9134411811829	0.2081
594.1775515079498	0.2078
594.4409112930298	0.2088
594.7058706283569	0.2078
594.9570922851562	0.2076
595.2083687782288	0.2076
595.4621622562408	0.2083
595.7152848243713	0.2074
595.9677951335907	0.2076
596.221105337143	0.2073
596.4738049507141	0.2095
596.7248239517212	0.2083
596.9894733428955	0.2095
597.2572906017303	0.2079
597.5232584476471	0.2081
597.787716627121	0.2085
598.0393261909485	0.2088
598.2909097671509	0.209
598.544465303421	0.2087
598.7959136962891	0.2083
599.0477240085602	0.2083
599.3124206066132	0.2084
599.5788793563843	0.2085
599.8344070911407	0.2087
600.0988912582397	0.2089
600.3642165660858	0.2089
600.6298093795776	0.2086
600.8957920074463	0.2085
601.1477398872375	0.2084
601.4134175777435	0.2084
601.6803905963898	0.2085
601.9456915855408	0.2085
602.2124919891357	0.2085
602.4646911621094	0.2085
602.7297534942627	0.2085
602.9814529418945	0.2084
603.2339322566986	0.2084
603.4858634471893	0.2084
603.7514734268188	0.2084
604.0054478645325	0.2084
604.2718694210052	0.2084
604.5377161502838	0.2083
604.8037214279175	0.2083
605.0700542926788	0.2083
605.3361768722534	0.2084
605.5869183540344	0.2083
605.8521807193756	0.2083
606.1182117462158	0.2082
606.3841631412506	0.2081
606.6467370986938	0.2081
606.902271270752	0.2081
607.1689677238464	0.2079
607.4354157447815	0.2078
607.6884553432465	0.208
607.940060377121	0.2082
608.1932919025421	0.2085
608.4443907737732	0.2087
608.712034702301	0.2088
608.9624943733215	0.2086
609.2145965099335	0.2083
609.4798696041107	0.2078
609.7438251972198	0.2076
610.0086414813995	0.2074
610.2610883712769	0.2073
610.5260689258575	0.2074
610.7926754951477	0.2074
611.0451703071594	0.2074
611.312520980835	0.2074
611.5768330097198	0.2075
611.8413228988647	0.2075
612.0926198959351	0.2075
612.3567719459534	0.2075
612.6226694583893	0.2076
612.8744285106659	0.2076
613.1389257907867	0.2076
613.390111207962	0.2075
613.6564660072327	0.2074
613.9087908267975	0.2072
614.174081325531	0.2072
614.427402973175	0.2072
614.6774060726166	0.2073
614.9279725551605	0.2073
615.1937375068665	0.2075
615.4456567764282	0.2076
615.7104506492615	0.2078
615.9618475437164	0.2079
616.2289080619812	0.2082
616.4935398101807	0.2084
616.7454106807709	0.2083
617.0105357170105	0.2083
617.2623443603516	0.2083
617.5284023284912	0.2081
617.7948365211487	0.2081
618.059485912323	0.208
618.3258473873138	0.2079
618.5916788578033	0.2079
618.844913482666	0.208
619.1111028194427	0.2078
619.3626186847687	0.2074
619.615606546402	0.2072
619.8679518699646	0.2071
620.1328575611115	0.2071
620.3869988918304	0.207
620.6381373405457	0.2069
620.904771566391	0.2069
621.1559472084045	0.207
621.4217920303345	0.2071
621.6750843524933	0.2074
621.9268629550934	0.2076
622.1787192821503	0.2078
622.4303679466248	0.208
622.69593334198	0.208
622.9625403881073	0.208
623.2143986225128	0.208
623.4812579154968	0.2081
623.7347841262817	0.2079
624.0007965564728	0.2078
624.2666628360748	0.2078
624.5191850662231	0.2077
624.7857015132904	0.2078
625.0507590770721	0.2078
625.3026695251465	0.2077
625.5682957172394	0.2079
625.8337178230286	0.2081
626.0987634658813	0.2082
626.3511228561401	0.2083
626.6021347045898	0.2085
626.8687040805817	0.209
627.1204998493195	0.2087
627.3854475021362	0.2083
627.637369632721	0.2083
627.903802394867	0.2084
628.1711468696594	0.2085
628.437835931778	0.2083
628.6900420188904	0.2082
628.9410817623138	0.2082
629.1948637962341	0.2081
629.4474496841431	0.2078
629.7137613296509	0.2069
629.9654431343079	0.208
630.2318727970123	0.2083
630.4837238788605	0.2079
630.7508413791656	0.208
631.0032980442047	0.208
631.2679235935211	0.2082
631.5338551998138	0.2084
631.7966403961182	0.208
632.0624408721924	0.2082
632.3283877372742	0.2093
632.5937931537628	0.2077
632.8453612327576	0.2086
633.1104183197021	0.2083
633.3768930435181	0.2081
633.6291308403015	0.2074
633.8951938152313	0.2073
634.1474587917328	0.2089
634.4139926433563	0.2089
634.6796183586121	0.2085
634.9443962574005	0.2082
635.2097098827362	0.2082
635.4763672351837	0.2082
635.7421538829803	0.2082
635.9937551021576	0.2082
636.2597758769989	0.2077
636.5261862277985	0.2072
636.7934312820435	0.2075
637.058788061142	0.2082
637.3254027366638	0.2081
637.5921802520752	0.208
637.8545064926147	0.208
638.1202208995819	0.208
638.3750898838043	0.208
638.6385049819946	0.2079
638.9047949314117	0.2079
639.1581833362579	0.2079
639.4101293087006	0.2081
639.6750793457031	0.2081
639.9404814243317	0.208
640.1939165592194	0.208
640.4608912467957	0.2079
640.7256774902344	0.2078
640.9783861637115	0.2079
641.2433731555939	0.208
641.5091366767883	0.2079
641.76216340065	0.208
642.0136983394623	0.2081
642.2668299674988	0.2081
642.5183439254761	0.2081
642.7849478721619	0.208
643.0381972789764	0.208
643.2902190685272	0.2081
643.555704832077	0.208
643.8217129707336	0.2081
644.0740044116974	0.2082
644.3274216651917	0.2081
644.5929601192474	0.2081
644.8453333377838	0.208
645.1108481884003	0.208
645.3763630390167	0.208
645.6421105861664	0.2081
645.8952295780182	0.2081
646.1589317321777	0.2081
646.4110231399536	0.208
646.6633138656616	0.2081
646.9300246238708	0.2081
647.1801338195801	0.2081
647.446662902832	0.208
647.7108540534973	0.208
647.9759120941162	0.2081
648.2271554470062	0.2081
648.4933178424835	0.2081
648.7447867393494	0.208
649.0121865272522	0.2081
649.2787976264954	0.208
649.5451145172119	0.208
649.7965714931488	0.208
650.0640325546265	0.208
650.3166193962097	0.208
650.5681567192078	0.208
650.8332943916321	0.208
651.1001524925232	0.208
651.3516991138458	0.208
651.616813659668	0.208
651.8821692466736	0.2076
652.1473093032837	0.2075
652.4124417304993	0.2076
652.6785852909088	0.2077
652.9438393115997	0.2077
653.1961443424225	0.2076
653.4629948139191	0.2076
653.7151231765747	0.2076
653.9804542064667	0.2076
654.2318618297577	0.2078
654.4982061386108	0.2078
654.763836145401	0.2078
655.0304198265076	0.2078
655.2821521759033	0.2077
655.5365333557129	0.2078
655.7895545959473	0.2077
656.0571126937866	0.2078
656.3093361854553	0.2078
656.575248003006	0.2078
656.8392176628113	0.2078
657.105400800705	0.2077
657.3582665920258	0.2075
657.6234312057495	0.2075
657.8890216350555	0.2074
658.1564650535583	0.2074
658.4210925102234	0.2074
658.6859359741211	0.2075
658.9379518032074	0.2076
659.2024388313293	0.2077
659.4673101902008	0.2077
659.731330871582	0.2079
659.9968523979187	0.2081
660.2630848884583	0.2082
660.5159816741943	0.2084
660.7674400806427	0.2083
661.0346081256866	0.2082
661.3011639118195	0.208
661.5528349876404	0.2081
661.818754196167	0.2082
662.0822870731354	0.2082
662.348694562912	0.2081
662.6004331111908	0.2083
662.8544082641602	0.2083
663.1210031509399	0.2084
663.3849158287048	0.2081
663.6372220516205	0.2078
663.903529882431	0.2076
664.1576583385468	0.2074
664.4237384796143	0.2075
664.6887860298157	0.2077
664.9539203643799	0.2079
665.2058098316193	0.208
665.4585959911346	0.208
665.7250230312347	0.208
665.9754359722137	0.208
666.2416007518768	0.2079
666.4930753707886	0.2078
666.7459099292755	0.2078
666.9986758232117	0.2078
667.250364780426	0.2077
667.502414226532	0.2078
667.7541747093201	0.2078
668.0200662612915	0.2078
668.284670829773	0.2078
668.5514824390411	0.2077
668.8041381835938	0.2078
669.0555105209351	0.2077
669.3210670948029	0.2077
669.5723598003387	0.2077
669.8368396759033	0.2077
670.08833360672	0.2078
670.3534767627716	0.2076
670.606730222702	0.2074
670.8577971458435	0.2074
671.1092159748077	0.2079
671.3758525848389	0.208
671.6414670944214	0.2082
671.8932416439056	0.2084
672.1598253250122	0.208
672.4241261482239	0.208
672.689954996109	0.208
672.9416811466217	0.2079
673.2068378925323	0.2078
673.4577276706696	0.2078
673.7112262248993	0.2077
673.9624967575073	0.2077
674.2281551361084	0.2079
674.4933023452759	0.2079
674.7597105503082	0.2079
675.0248637199402	0.2078
675.2773232460022	0.2079
675.5434205532074	0.2079
675.8070747852325	0.2079
676.0731222629547	0.2081
676.3356740474701	0.2081
676.6021571159363	0.2082
676.8556282520294	0.2083
677.1066732406616	0.2082
677.3730325698853	0.2082
677.6386713981628	0.2082
677.904531955719	0.2081
678.1693320274353	0.2081
678.4358565807343	0.2081
678.6893408298492	0.2081
678.9417254924774	0.208
679.1934924125671	0.208
679.445342540741	0.2079
679.711103439331	0.2078
679.9780669212341	0.2076
680.2425813674927	0.2077
680.5066428184509	0.2077
680.7726731300354	0.2076
681.036853313446	0.2076
681.3006353378296	0.2078
681.5673153400421	0.2077
681.832347869873	0.2077
682.0975842475891	0.2076
682.3506207466125	0.2077
682.6149890422821	0.2076
682.8680956363678	0.2076
683.1204323768616	0.2077
683.3721685409546	0.2077
683.6367287635803	0.2078
683.902370929718	0.2079
684.1563880443573	0.208
684.4117107391357	0.2078
684.6660692691803	0.2077
684.9213421344757	0.2077
685.1746666431427	0.2078
685.4300246238708	0.2077
685.6813490390778	0.2077
685.9352195262909	0.2076
686.1884202957153	0.2078
686.4427418708801	0.2081
686.6959009170532	0.2082
686.9497849941254	0.208
687.2015497684479	0.2079
687.4683122634888	0.2078
687.7316007614136	0.2077
687.9976303577423	0.2078
688.2520034313202	0.2078
688.5185327529907	0.208
688.784096956253	0.2082
689.0497002601624	0.2081
689.3155333995819	0.208
689.5670125484467	0.2079
689.8310372829437	0.2078
690.0962400436401	0.2079
690.3472123146057	0.2081
690.6121463775635	0.208
690.8678116798401	0.2081
691.1325199604034	0.2082
691.3984823226929	0.2082
691.6620950698853	0.2081
691.9273014068604	0.208
692.1942892074585	0.2081
692.4591357707977	0.2083
692.7242312431335	0.2082
692.9859821796417	0.2081
693.2523491382599	0.208
693.5049602985382	0.2079
693.7707419395447	0.2078
694.0358397960663	0.2078
694.3014504909515	0.2078
694.5675752162933	0.2078
694.8195006847382	0.2077
695.0853493213654	0.2077
695.3506705760956	0.2076
695.6154022216797	0.2076
695.866747379303	0.2075
696.133190870285	0.2074
696.385241985321	0.2076
696.6363441944122	0.2078
696.8890759944916	0.2081
697.1407871246338	0.2083
697.3929235935211	0.2081
697.6595091819763	0.208
697.9117653369904	0.2078
698.1652889251709	0.2078
698.4306879043579	0.2079
698.6941230297089	0.2078
698.9591071605682	0.2079
699.2227592468262	0.2076
699.4743225574493	0.208
699.7384147644043	0.2084
699.9897863864899	0.2081
700.2570395469666	0.2079
700.5226187705994	0.208
700.7885966300964	0.2079
701.040905714035	0.2081
701.304844379425	0.2082
701.5717306137085	0.2082
701.8394587039948	0.2078
702.1048579216003	0.2075
702.3567707538605	0.2078
702.6083219051361	0.2078
702.8750340938568	0.2079
703.1263976097107	0.2081
703.3932950496674	0.2082
703.6594605445862	0.2082
703.9121465682983	0.2082
704.1629631519318	0.2081
704.4299538135529	0.2079
704.6963868141174	0.2075
704.9623341560364	0.2069
705.2272183895111	0.2069
705.4926030635834	0.2072
705.7454681396484	0.2075
705.9982824325562	0.2074
706.2630631923676	0.2076
706.5157670974731	0.2076
706.7815816402435	0.2077
707.0471060276031	0.2079
707.2989625930786	0.2081
707.5628674030304	0.2082
707.828405380249	0.2082
708.0794568061829	0.2079
708.3305778503418	0.2078
708.5954389572144	0.2077
708.8479549884796	0.2075
709.1107270717621	0.2073
709.3758537769318	0.2078
709.6273934841156	0.2081
709.8926861286163	0.2083
710.1437683105469	0.2082
710.3956146240234	0.2079
710.6482319831848	0.208
710.8996884822845	0.2081
711.1668431758881	0.2082
711.4190692901611	0.2082
711.684689283371	0.2083
711.9504897594452	0.2081
712.2178492546082	0.208
712.4841358661652	0.2079
712.7505037784576	0.2078
713.0022058486938	0.2079
713.2546010017395	0.2081
713.5192370414734	0.2083
713.7851002216339	0.2084
714.0509610176086	0.2083
714.3148827552795	0.2082
714.580602645874	0.2079
714.8322594165802	0.2074
715.0984516143799	0.2071
715.3648769855499	0.207
715.6313042640686	0.207
715.8969585895538	0.2073
716.1627323627472	0.2074
716.4142286777496	0.2075
716.665833234787	0.2077
716.9174811840057	0.2079
717.1698572635651	0.2083
717.4353926181793	0.2078
717.7026102542877	0.2075
717.9694344997406	0.2074
718.2366824150085	0.2073
718.5028944015503	0.2073
718.7675354480743	0.2072
719.0340015888214	0.2071
719.2864909172058	0.207
719.5386688709259	0.2068
719.8054099082947	0.2068
720.0558140277863	0.2074
720.32315325737	0.2082
720.5744979381561	0.2082
720.8276114463806	0.208
721.0945665836334	0.2074
721.3479480743408	0.2073
721.6113336086273	0.2075
721.8788123130798	0.2076
722.1313886642456	0.2077
722.3960781097412	0.2077
722.6618292331696	0.2074
722.9139268398285	0.2072
723.1658751964569	0.2072
723.420487165451	0.2072
723.6859283447266	0.2072
723.9506280422211	0.2072
724.2039079666138	0.2073
724.4698095321655	0.2074
724.735434293747	0.2075
725.0032880306244	0.2076
725.2675275802612	0.2075
725.5203471183777	0.2074
725.7723610401154	0.2076
726.0364758968353	0.2076
726.2895698547363	0.2077
726.5415008068085	0.2079
726.793543100357	0.208
727.0458433628082	0.208
727.3113713264465	0.208
727.5768966674805	0.2079
727.8298621177673	0.2079
728.0945417881012	0.2078
728.360072851181	0.2077
728.6123003959656	0.2076
728.8632667064667	0.2076
729.1150991916656	0.2076
729.3821723461151	0.2076
729.6343505382538	0.2076
729.901284456253	0.2076
730.1684558391571	0.2076
730.4197871685028	0.2076
730.6717898845673	0.2077
730.924075126648	0.2075
731.1901216506958	0.2076
731.4544084072113	0.2073
731.707820892334	0.2072
731.962295293808	0.2066
732.2271468639374	0.2076
732.4915568828583	0.208
732.7555730342865	0.2081
733.0213956832886	0.2083
733.2874233722687	0.2084
733.5533165931702	0.2082
733.8179614543915	0.2082
734.0818276405334	0.2081
734.3472361564636	0.2082
734.6021389961243	0.2081
734.85404753685	0.2081
735.1180822849274	0.2088
735.3691785335541	0.2087
735.6231961250305	0.2083
735.8753342628479	0.2081
736.1414194107056	0.2083
736.4079496860504	0.2082
736.6754636764526	0.2082
736.9413204193115	0.2085
737.1940751075745	0.2088
737.4457814693451	0.2088
737.7105231285095	0.209
737.9767360687256	0.2088
738.2423367500305	0.2087
738.508353471756	0.2086
738.7727797031403	0.2086
739.0254755020142	0.2085
739.277601480484	0.2084
739.5287432670593	0.2084
739.7812314033508	0.2083
740.0479245185852	0.2081
740.3003306388855	0.2079
740.552796125412	0.2078
740.8060283660889	0.2078
741.0709216594696	0.2078
741.3372395038605	0.2079
741.6032383441925	0.2078
741.870185136795	0.2077
742.1352250576019	0.2078
742.4022574424744	0.2078
742.6695466041565	0.2079
742.9346466064453	0.2078
743.1864182949066	0.2078
743.451584815979	0.2077
743.7157945632935	0.2077
743.9817562103271	0.2078
744.2473101615906	0.2078
744.4987523555756	0.2079
744.7510006427765	0.208
745.0176842212677	0.208
745.2700798511505	0.2079
745.5213646888733	0.2078
745.788182258606	0.2077
746.0529358386993	0.2078
746.3185052871704	0.2079
746.5839669704437	0.2078
746.8503289222717	0.2078
747.1011965274811	0.2078
747.354553937912	0.2078
747.6199162006378	0.2076
747.8847906589508	0.2077
748.1515772342682	0.2079
748.4184672832489	0.2076
748.6808433532715	0.2076
748.9361250400543	0.2076
749.2013218402863	0.208
749.4674062728882	0.2074
749.733598947525	0.2074
749.9849858283997	0.2075
750.2504680156708	0.2084
750.5167486667633	0.2079
750.7826995849609	0.2076
751.0479650497437	0.2078
751.3001773357391	0.2077
751.5522410869598	0.2075
751.8192706108093	0.2073
752.0834352970123	0.2076
752.3507096767426	0.2078
752.613251209259	0.2079
752.8653962612152	0.2078
753.1172966957092	0.2077
753.3685183525085	0.2075
753.6333005428314	0.2072
753.8862419128418	0.207
754.1501398086548	0.2075
754.4020662307739	0.2077
754.6687614917755	0.2081
754.9212703704834	0.208
755.186849117279	0.2078
755.4380276203156	0.2079
755.7023916244507	0.2078
755.9672520160675	0.2079
756.2345671653748	0.208
756.4865777492523	0.2081
756.7525041103363	0.208
757.0060431957245	0.2079
757.2582879066467	0.2079
757.5243384838104	0.2079
757.790125131607	0.2078
758.0555737018585	0.2079
758.3094294071198	0.208
758.573593378067	0.208
758.8248989582062	0.2081
759.0921320915222	0.2081
759.3447389602661	0.2079
759.5965819358826	0.2078
759.8623332977295	0.2074
760.1151895523071	0.2074
760.366203546524	0.2075
760.6311414241791	0.2075
760.8973910808563	0.2075
761.148848772049	0.2076
761.4020698070526	0.2075
761.6679339408875	0.2075
761.921226978302	0.2075
762.1871511936188	0.2074
762.4392943382263	0.2074
762.6921865940094	0.2073
762.9439191818237	0.2076
763.2101411819458	0.2078
763.4739832878113	0.2079
763.7406980991364	0.208
763.9936933517456	0.2079
764.2601673603058	0.2079
764.5259580612183	0.208
764.7918586730957	0.208
765.0563697814941	0.208
765.3226935863495	0.2081
765.57568526268	0.2083
765.8410274982452	0.2081
766.0919654369354	0.2079
766.35884308815	0.2076
766.6115999221802	0.208
766.8766870498657	0.208
767.128853559494	0.2076
767.3808677196503	0.2077
767.6481790542603	0.2077
767.9138379096985	0.2077
768.178484916687	0.2076
768.4444937705994	0.2075
768.7100360393524	0.2074
768.9631822109222	0.2072
769.2290143966675	0.207
769.496099948883	0.2072
769.7618165016174	0.2073
770.0147755146027	0.2073
770.2807402610779	0.2073
770.5349085330963	0.2076
770.788033246994	0.2082
771.039589881897	0.2082
771.2911274433136	0.2079
771.5580427646637	0.2075
771.8241362571716	0.2074
772.0897526741028	0.2075
772.3548121452332	0.2076
772.6197779178619	0.2077
772.8862528800964	0.2078
773.1493301391602	0.208
773.4017946720123	0.208
773.6674294471741	0.2078
773.9202561378479	0.2077
774.1861679553986	0.2074
774.4383506774902	0.2073
774.6919388771057	0.2072
774.9446353912354	0.207
775.2110602855682	0.207
775.4629664421082	0.2074
775.7305736541748	0.2075
775.9815833568573	0.2074
776.2344334125519	0.2073
776.4980962276459	0.207
776.763414144516	0.2068
777.0281579494476	0.2066
777.2924134731293	0.2065
777.5567610263824	0.2064
777.8232235908508	0.2067
778.0871241092682	0.2067
778.3395323753357	0.207
778.5948402881622	0.2071
778.8481628894806	0.2071
779.0994911193848	0.2071
779.3526656627655	0.2072
779.6194941997528	0.2072
779.8848900794983	0.2072
780.1521270275116	0.2075
780.4052755832672	0.2074
780.6717655658722	0.2074
780.9376838207245	0.2074
781.2018702030182	0.2075
781.4645545482635	0.2074
781.7298715114594	0.2074
781.9820942878723	0.2076
782.2478396892548	0.2076
782.5140914916992	0.2075
782.7805218696594	0.2077
783.0463628768921	0.2076
783.2985370159149	0.2075
783.5489356517792	0.2074
783.8017477989197	0.2072
784.0663440227509	0.2072
784.318220615387	0.2068
784.5696547031403	0.2067
784.8212144374847	0.2066
785.0722897052765	0.2066
785.337123632431	0.2067
785.6028501987457	0.2069
785.8691740036011	0.207
786.121294260025	0.2071
786.3734123706818	0.2073
786.6256034374237	0.2077
786.8778245449066	0.2078
787.1432003974915	0.208
787.39577460289	0.208
787.662947177887	0.2079
787.9297032356262	0.208
788.193452835083	0.208
788.4589681625366	0.2079
788.7249326705933	0.2079
788.9896335601807	0.208
789.2544569969177	0.208
789.5068566799164	0.2079
789.7734961509705	0.208
790.0403866767883	0.2082
790.3060581684113	0.208
790.5714952945709	0.2077
790.8363378047943	0.2075
791.1003551483154	0.2077
791.3643400669098	0.2077
791.6287438869476	0.2078
791.8805692195892	0.2081
792.1323614120483	0.2079
792.3987233638763	0.2077
792.651504278183	0.208
792.9164338111877	0.208
793.1820955276489	0.2081
793.4354865550995	0.2081
793.6992673873901	0.2082
793.9512920379639	0.2081
794.2153816223145	0.2081
794.4669885635376	0.2081
794.7199158668518	0.2081
794.9852876663208	0.2082
795.2385337352753	0.2081
795.4922845363617	0.2081
795.7573945522308	0.208
796.0246579647064	0.208
796.2765715122223	0.2081
796.5430607795715	0.2082
796.8093392848969	0.2082
797.0619270801544	0.2082
797.327469587326	0.2081
797.5901856422424	0.208
797.8415334224701	0.208
798.1051511764526	0.2081
798.3722581863403	0.2079
798.6233596801758	0.2076
798.8762748241425	0.2078
799.1399977207184	0.2081
799.3920950889587	0.2077
799.6581571102142	0.2076
799.9254281520844	0.2076
800.1926295757294	0.2074
800.4458391666412	0.2075
800.6982536315918	0.2077
800.9515244960785	0.2079
801.2154037952423	0.2079
801.4816298484802	0.2079
801.7359523773193	0.2079
801.9993343353271	0.208
802.2658109664917	0.2079
802.5176651477814	0.2078
802.7807321548462	0.2079
803.0465979576111	0.2079
803.2989664077759	0.2079
803.5510227680206	0.2079
803.804217338562	0.208
804.0577666759491	0.2081
804.3105230331421	0.2087
804.5736532211304	0.2079
804.8395266532898	0.2079
805.0909218788147	0.2079
805.3549084663391	0.2077
805.6190378665924	0.2077
805.8711729049683	0.2074
806.1368842124939	0.2075
806.4029552936554	0.2076
806.6676530838013	0.2075
806.9309802055359	0.2075
807.1967380046844	0.2075
807.449168920517	0.2076
807.7139546871185	0.2075
807.9775187969208	0.2074
808.242663860321	0.2073
808.5093841552734	0.2074
808.7749619483948	0.2075
809.040863275528	0.2076
809.3058404922485	0.2076
809.5581021308899	0.2076
809.8118300437927	0.2077
810.0788328647614	0.2076
810.3444819450378	0.2076
810.5967569351196	0.2076
810.8505084514618	0.2074
811.1176025867462	0.2075
811.3830871582031	0.2075
811.6350839138031	0.2075
811.899612903595	0.2075
812.1657004356384	0.2074
812.4174230098724	0.2074
812.6834878921509	0.2075
812.935468673706	0.2075
813.1877059936523	0.2075
813.4549906253815	0.2073
813.7189223766327	0.2073
813.9859228134155	0.2073
814.248298406601	0.2071
814.5154523849487	0.2068
814.7819657325745	0.2072
815.0339167118073	0.2077
815.2986533641815	0.2078
815.551292181015	0.2079
815.8161616325378	0.2079
816.0827596187592	0.2079
816.3357734680176	0.2079
816.6012988090515	0.2078
816.8669717311859	0.2078
817.1179754734039	0.2078
817.3845992088318	0.2077
817.6518633365631	0.2075
817.9157128334045	0.2074
818.1669907569885	0.2074
818.4332454204559	0.2076
818.6979970932007	0.2078
818.9644181728363	0.2078
819.2174525260925	0.2073
819.4837644100189	0.2082
819.7481353282928	0.2081
819.9998815059662	0.2077
820.2644209861755	0.2074
820.5293426513672	0.207
820.7942869663239	0.2068
821.0457909107208	0.2079
821.298660993576	0.2078
821.5654723644257	0.2077
821.8189265727997	0.2075
822.0846064090729	0.2079
822.349659204483	0.2077
822.6113865375519	0.2075
822.8759686946869	0.2076
823.1280920505524	0.2073
823.3825647830963	0.2072
823.6350412368774	0.207
823.9000780582428	0.207
824.165874004364	0.2075
824.4319586753845	0.2084
824.697179555893	0.2079
824.964097738266	0.2073
825.2304718494415	0.2075
825.4958798885345	0.2077
825.7487046718597	0.2077
826.0120928287506	0.2075
826.2783834934235	0.2075
826.5437788963318	0.2075
826.8106346130371	0.2074
827.0765745639801	0.2072
827.3386650085449	0.2074
827.6043522357941	0.2076
827.8563511371613	0.2077
828.1095612049103	0.2077
828.3638908863068	0.2075
828.6151683330536	0.2075
828.867568731308	0.2074
829.1350018978119	0.2074
829.3868227005005	0.2074
829.6413772106171	0.2075
829.9076693058014	0.2075
830.1609365940094	0.2073
830.411771774292	0.2072
830.663999080658	0.207
830.9162728786469	0.2068
831.1832413673401	0.207
831.4349069595337	0.2073
831.7016067504883	0.2074
831.9665865898132	0.2072
832.2319452762604	0.2069
832.4968948364258	0.2065
832.7626938819885	0.2064
833.0263946056366	0.2066
833.2905430793762	0.2068
833.5555760860443	0.207
833.8208768367767	0.2072
834.0719697475433	0.2075
834.3280506134033	0.2074
834.5823740959167	0.2073
834.8360877037048	0.2071
835.0881836414337	0.2069
835.3527662754059	0.2069
835.617623090744	0.2069
835.8824121952057	0.2069
836.147792339325	0.2069
836.3997378349304	0.207
836.6630208492279	0.2072
836.9301035404205	0.2075
837.1819949150085	0.2076
837.4483923912048	0.2076
837.7142603397369	0.2076
837.9810211658478	0.2077
838.2327423095703	0.2078
838.4971241950989	0.2076
838.762937784195	0.2073
839.0282166004181	0.2074
839.2943480014801	0.2075
839.5457077026367	0.2075
839.8120539188385	0.2074
840.0756635665894	0.2075
840.3422424793243	0.2075
840.5952348709106	0.2075
840.8606173992157	0.2076
841.1122171878815	0.2076
841.3782374858856	0.2078
841.6448595523834	0.2077
841.9105732440948	0.2076
842.1624512672424	0.2073
842.4263184070587	0.2071
842.6783287525177	0.2067
842.9428987503052	0.2066
843.1971371173859	0.2067
843.4623944759369	0.2068
843.71355509758	0.2068
843.9778218269348	0.2068
844.2299609184265	0.2068
844.4964656829834	0.2068
844.7496354579926	0.2069
845.01620054245	0.2069
845.2682745456696	0.207
845.5194594860077	0.2071
845.7714109420776	0.2071
846.0372474193573	0.2069
846.3022286891937	0.2067
846.5540430545807	0.2068
846.8212733268738	0.2067
847.0744180679321	0.2067
847.3252987861633	0.2067
847.5895206928253	0.2067
847.8430438041687	0.2067
848.1079156398773	0.2066
848.3610136508942	0.2067
848.6136975288391	0.207
848.8809866905212	0.2073
849.1473121643066	0.2075
849.4136798381805	0.2076
849.679224729538	0.2076
849.9332537651062	0.2078
850.184396982193	0.2078
850.4356782436371	0.2078
850.702109336853	0.2077
850.9675762653351	0.2075
851.2183177471161	0.2074
851.4851777553558	0.2074
851.7509450912476	0.2074
852.0025601387024	0.2075
852.2537705898285	0.2074
852.5060863494873	0.2072
852.7576830387115	0.2072
853.0230774879456	0.207
853.2747831344604	0.2068
853.5268125534058	0.2067
853.780032157898	0.2069
854.0453202724457	0.207
854.2978391647339	0.2072
854.5633924007416	0.2072
854.8296399116516	0.2071
855.0952565670013	0.207
855.3498075008392	0.2069
855.6021182537079	0.2071
855.8690369129181	0.2074
856.1332507133484	0.2072
856.399543762207	0.2073
856.6516118049622	0.2074
856.90332198143	0.2074
857.15682554245	0.2071
857.4225306510925	0.207
857.6876356601715	0.2071
857.9523153305054	0.2072
858.216630935669	0.2075
858.4829254150391	0.2076
858.7494611740112	0.2076
859.0019326210022	0.2075
859.255007982254	0.2073
859.5075771808624	0.2073
859.773279428482	0.2072
860.025871515274	0.2072
860.2916243076324	0.2072
860.5591018199921	0.207
860.8208224773407	0.207
861.0875597000122	0.207
861.3390333652496	0.2071
861.6055052280426	0.2073
861.8715989589691	0.2072
862.1363201141357	0.2074
862.4014711380005	0.2077
862.6681387424469	0.208
862.9346091747284	0.208
863.201212644577	0.2078
863.4530568122864	0.2075
863.7196915149689	0.2075
863.9860475063324	0.2075
864.2519721984863	0.2076
864.515718460083	0.2076
864.7695543766022	0.2077
865.0342130661011	0.2077
865.2990775108337	0.2075
865.5657646656036	0.2076
865.8192617893219	0.2076
866.0847969055176	0.2075
866.3511204719543	0.2075
866.6140511035919	0.2076
866.8662271499634	0.2074
867.1312997341156	0.2075
867.3958349227905	0.2074
867.6603455543518	0.2073
867.912668466568	0.2073
868.1661198139191	0.2073
868.4167287349701	0.2073
868.6700632572174	0.2073
868.9336264133453	0.2073
869.1866540908813	0.2072
869.4532747268677	0.2073
869.7188885211945	0.2072
869.9698994159698	0.2072
870.2347838878632	0.2074
870.5012454986572	0.2073
870.7661473751068	0.2068
871.0327594280243	0.2066
871.2984840869904	0.2066
871.5518743991852	0.2068
871.8039269447327	0.2069
872.0708780288696	0.207
872.3361568450928	0.2071
872.589677810669	0.2071
872.855856180191	0.2069
873.1217720508575	0.2068
873.3888926506042	0.2066
873.639445066452	0.2066
873.9045720100403	0.2068
874.1705403327942	0.207
874.4229266643524	0.2073
874.6896634101868	0.2074
874.9552266597748	0.2073
875.2209522724152	0.207
875.4728107452393	0.2069
875.7384705543518	0.2066
875.9924731254578	0.2067
876.2589519023895	0.2069
876.5247647762299	0.2071
876.7778837680817	0.2071
877.0451884269714	0.207
877.310468673706	0.2068
877.5773253440857	0.2072
877.8285315036774	0.2075
878.093633890152	0.2072
878.3606250286102	0.2076
878.6251330375671	0.2077
878.8902199268341	0.2075
879.1556763648987	0.207
879.4075374603271	0.2073
879.6603600978851	0.2074
879.9242811203003	0.2073
880.1754038333893	0.2074
880.4280164241791	0.2073
880.6939475536346	0.2074
880.958455324173	0.2073
881.2103021144867	0.2073
881.4758262634277	0.2076
881.7429435253143	0.2073
882.0084428787231	0.2071
882.2719614505768	0.2073
882.5376644134521	0.2074
882.8031210899353	0.2074
883.0551340579987	0.2073
883.3202497959137	0.2072
883.5740885734558	0.2071
883.8286054134369	0.207
884.0941185951233	0.2069
884.3464255332947	0.207
884.6130266189575	0.2073
884.8662884235382	0.2077
885.132734298706	0.2077
885.3997745513916	0.2075
885.6662619113922	0.2074
885.9182553291321	0.2072
886.185507774353	0.2072
886.4500248432159	0.2071
886.7024004459381	0.2071
886.9679284095764	0.207
887.2200539112091	0.207
887.4725859165192	0.2072
887.7396514415741	0.2073
887.9911859035492	0.2074
888.244537115097	0.2074
888.4957466125488	0.2075
888.7618305683136	0.2074
889.0281171798706	0.2075
889.2804284095764	0.2076
889.548086643219	0.2076
889.8144390583038	0.2075
890.0777406692505	0.2075
890.3453924655914	0.2075
890.6097671985626	0.2075
890.8765497207642	0.2075
891.1276586055756	0.2075
891.3811638355255	0.2075
891.6339027881622	0.2075
891.898978471756	0.2079
892.1646614074707	0.2081
892.4318327903748	0.2079
892.6973836421967	0.208
892.9639110565186	0.208
893.2297203540802	0.2078
893.4822175502777	0.2077
893.733550786972	0.2076
893.9866948127747	0.2075
894.2370312213898	0.2075
894.4877755641937	0.2076
894.7512533664703	0.2077
895.0156261920929	0.2075
895.2808351516724	0.2073
895.5340249538422	0.2075
895.7877807617188	0.2076
896.0520865917206	0.208
896.3061790466309	0.2081
896.5606553554535	0.2083
896.8120613098145	0.2079
897.0778419971466	0.2071
897.3306646347046	0.2071
897.5812175273895	0.2074
897.8456904888153	0.2074
898.095760345459	0.2076
898.3491854667664	0.2075
898.5995132923126	0.2075
898.8652002811432	0.2073
899.1158838272095	0.2074
899.3690767288208	0.2074
899.6214942932129	0.2075
899.8737585544586	0.2076
900.1249463558197	0.2078
900.3765046596527	0.2078
900.6432676315308	0.2078
900.9075808525085	0.2078
901.1728219985962	0.2077
901.4245028495789	0.2077
901.6881432533264	0.2076
901.9539935588837	0.2075
902.2087869644165	0.2074
902.4623851776123	0.2073
902.7275788784027	0.2073
902.9782571792603	0.2073
903.2429666519165	0.2072
903.4948496818542	0.2071
903.7470624446869	0.2071
904.0131044387817	0.2071
904.278035402298	0.2071
904.5303132534027	0.2073
904.7823030948639	0.2074
905.0345087051392	0.2073
905.2875254154205	0.2071
905.5521457195282	0.2072
905.8179385662079	0.2071
906.0843119621277	0.207
906.3498830795288	0.2068
906.6161015033722	0.2065
906.8813943862915	0.2065
907.146247625351	0.2064
907.3968484401703	0.2064
907.6624183654785	0.2063
907.9283101558685	0.2063
908.1937732696533	0.2065
908.4583504199982	0.2066
908.725870847702	0.2068
908.9930732250214	0.207
909.2450568675995	0.2074
909.49791264534	0.2075
909.7494232654572	0.2075
910.0005898475647	0.2073
910.2536771297455	0.2071
910.5203521251678	0.207
910.7861046791077	0.207
911.0526204109192	0.207
911.3193619251251	0.207
911.5845623016357	0.2069
911.8503043651581	0.2065
912.102677822113	0.207
912.3691411018372	0.2075
912.619663476944	0.2076
912.8721237182617	0.2075
913.1376752853394	0.2074
913.4013590812683	0.2073
913.6674876213074	0.2073
913.9335741996765	0.2073
914.1982171535492	0.2072
914.4516265392303	0.2073
914.7157564163208	0.2077
914.9814994335175	0.2078
915.2490587234497	0.2077
915.5145313739777	0.2077
915.7810578346252	0.2078
916.0466034412384	0.2081
916.3118681907654	0.2078
916.5786056518555	0.2078
916.8294715881348	0.208
917.0958886146545	0.2075
917.3608784675598	0.2072
917.6268792152405	0.2067
917.8914062976837	0.2073
918.1571362018585	0.2075
918.4212512969971	0.2074
918.6734051704407	0.2069
918.9251635074615	0.2069
919.1918089389801	0.2072
919.4545254707336	0.2079
919.7062888145447	0.2072
919.9725472927094	0.2072
920.2389402389526	0.2074
920.4918513298035	0.2076
920.7434134483337	0.2073
920.9952280521393	0.2072
921.2613904476166	0.2074
921.5285446643829	0.2073
921.7810080051422	0.2075
922.0481412410736	0.2076
922.3108777999878	0.2075
922.5776007175446	0.2071
922.8425335884094	0.207
923.1083748340607	0.2069
923.3605535030365	0.2069
923.6261970996857	0.207
923.8923547267914	0.207
924.1578743457794	0.207
924.4249620437622	0.207
924.6769080162048	0.207
924.9431989192963	0.2072
925.1954166889191	0.2072
925.4615268707275	0.2072
925.7271521091461	0.2073
925.9931292533875	0.2075
926.2453141212463	0.2075
926.5107748508453	0.2074
926.7763667106628	0.2073
927.0418651103973	0.2073
927.3071370124817	0.2073
927.571613073349	0.2073
927.8368444442749	0.2073
928.0883865356445	0.2073
928.3558421134949	0.2074
928.6207382678986	0.2074
928.8727631568909	0.2073
929.1261909008026	0.2072
929.3785305023193	0.2072
929.6446416378021	0.2074
929.9096968173981	0.2078
930.1619498729706	0.2082
930.4130299091339	0.2082
930.6801373958588	0.2076
930.9332270622253	0.2075
931.1852767467499	0.2075
931.4365692138672	0.2074
931.7037308216095	0.2078
931.9708786010742	0.2077
932.2222073078156	0.2072
932.4878346920013	0.207
932.7526547908783	0.2068
933.0176823139191	0.207
933.2850687503815	0.207
933.5510149002075	0.2069
933.8165054321289	0.2068
934.0800998210907	0.2068
934.332620382309	0.207
934.5855309963226	0.2073
934.8501672744751	0.2076
935.1161844730377	0.2076
935.382481098175	0.2074
935.6482954025269	0.207
935.9146029949188	0.207
936.1813938617706	0.207
936.4481875896454	0.207
936.7138795852661	0.2068
936.9665920734406	0.2068
937.229697227478	0.2066
937.496031999588	0.2065
937.7471807003021	0.2068
938.0004088878632	0.2072
938.266327381134	0.2075
938.533266544342	0.2074
938.7856137752533	0.2074
939.0514516830444	0.2073
939.3039560317993	0.2072
939.5571858882904	0.2071
939.8237755298615	0.2069
940.0890052318573	0.2069
940.3555796146393	0.2068
940.6217029094696	0.2066
940.8853559494019	0.2067
941.1509618759155	0.2072
941.4029426574707	0.2075
941.6707000732422	0.2074
941.9362890720367	0.2073
942.1877334117889	0.2072
942.4401836395264	0.2071
942.7054514884949	0.207
942.9702296257019	0.2069
943.2235922813416	0.2069
943.4783983230591	0.2069
943.7450008392334	0.2072
944.01287150383	0.2074
944.2783062458038	0.2073
944.5433452129364	0.2073
944.8083908557892	0.2075
945.075398683548	0.2076
945.3388938903809	0.2075
945.6015706062317	0.2072
945.8668301105499	0.2069
946.1288397312164	0.2068
946.381828546524	0.2069
946.6448864936829	0.2071
946.9098694324493	0.2073
947.1623706817627	0.2075
947.427562713623	0.2077
947.679948091507	0.2078
947.9445152282715	0.2079
948.1956384181976	0.208
948.447722196579	0.2081
948.6980118751526	0.208
948.9533910751343	0.208
949.2063231468201	0.2078
949.4731798171997	0.2076
949.7394609451294	0.2074
949.9911863803864	0.2073
950.2572336196899	0.2073
950.5238540172577	0.2072
950.7912781238556	0.2071
951.0574707984924	0.207
951.3227579593658	0.2069
951.5901324748993	0.2071
951.845832824707	0.2075
952.0992124080658	0.2075
952.3649969100952	0.2076
952.6312959194183	0.2078
952.8965442180634	0.208
953.1502327919006	0.2079
953.417918920517	0.2076
953.6840438842773	0.2074
953.9511804580688	0.2074
954.2162663936615	0.2074
954.468332529068	0.2075
954.7204763889313	0.2076
954.9717054367065	0.2075
955.2389869689941	0.2075
955.503739118576	0.2077
955.7702989578247	0.2077
956.0369811058044	0.2077
956.2900943756104	0.2078
956.5570456981659	0.2078
956.8240461349487	0.2078
957.0776298046112	0.2078
957.3421905040741	0.2077
957.6078968048096	0.2076
957.8608403205872	0.2076
958.1243751049042	0.2076
958.3775384426117	0.2075
958.6441011428833	0.2076
958.8983833789825	0.2076
959.1639127731323	0.2076
959.4295077323914	0.2076
959.6815848350525	0.2076
959.9461832046509	0.2076
960.1982421875	0.2076
960.4505109786987	0.2076
960.7027387619019	0.2077
960.9677886962891	0.2077
961.2196841239929	0.2077
961.4871325492859	0.2077
961.7520799636841	0.2077
962.0177614688873	0.2077
962.2843561172485	0.2076
962.547792673111	0.2076
962.7998402118683	0.2076
963.066644191742	0.2075
963.3197965621948	0.2075
963.584894657135	0.2076
963.836846113205	0.2077
964.1034548282623	0.2075
964.3683354854584	0.2076
964.6332080364227	0.2076
964.9005768299103	0.2076
965.1651093959808	0.2076
965.4316926002502	0.2074
965.6847488880157	0.2071
965.9502718448639	0.2071
966.2020740509033	0.2071
966.4661800861359	0.2072
966.731995344162	0.2074
966.9846427440643	0.2073
967.2355990409851	0.2072
967.4858815670013	0.2073
967.7515757083893	0.2074
968.0176348686218	0.2075
968.2825925350189	0.2074
968.5467622280121	0.2073
968.7987849712372	0.2072
969.0516223907471	0.2073
969.3164703845978	0.2071
969.5820384025574	0.2069
969.8469235897064	0.2067
970.113032579422	0.2063
970.378782749176	0.2077
970.6426422595978	0.2075
970.8942251205444	0.2066
971.1613175868988	0.207
971.4262917041779	0.2075
971.6909844875336	0.2061
971.944394826889	0.2066
972.1966474056244	0.2072
972.462559223175	0.2074
972.7285988330841	0.207
972.9803538322449	0.2075
973.2445087432861	0.2073
973.5109441280365	0.2067
973.7643191814423	0.2066
974.0283823013306	0.2068
974.2817425727844	0.2073
974.5346467494965	0.2073
974.8011796474457	0.2071
975.0537059307098	0.2072
975.3207142353058	0.2073
975.5883796215057	0.2074
975.8543088436127	0.2075
976.1218059062958	0.2076
976.3876326084137	0.2074
976.6392023563385	0.2069
976.8916535377502	0.2068
977.1583693027496	0.2066
977.4238939285278	0.2067
977.6791524887085	0.2072
977.9316964149475	0.2074
978.1835474967957	0.2076
978.4370951652527	0.2074
978.7037689685822	0.2073
978.9553642272949	0.207
979.2216386795044	0.2069
979.4879314899445	0.207
979.7526350021362	0.2069
980.0040712356567	0.2069
980.2680931091309	0.2068
980.5345084667206	0.2068
980.7990880012512	0.2067
981.0637278556824	0.2066
981.3291802406311	0.2064
981.594589471817	0.2064
981.8456778526306	0.2067
982.0991928577423	0.2071
982.3649582862854	0.2075
982.6304397583008	0.2074
982.8851063251495	0.2072
983.1365694999695	0.2071
983.388622045517	0.2072
983.6543588638306	0.2071
983.9057071208954	0.2073
984.173219203949	0.207
984.4401943683624	0.2079
984.7046935558319	0.2072
984.9703929424286	0.2072
985.2374341487885	0.2071
985.4896144866943	0.2071
985.7431282997131	0.2071
985.9964218139648	0.207
986.2634880542755	0.207
986.527366399765	0.2072
986.7812776565552	0.2076
987.0459942817688	0.2077
987.3117809295654	0.2073
987.5771389007568	0.2067
987.8292834758759	0.2068
988.0946004390717	0.2073
988.3602952957153	0.2076
988.6253077983856	0.2075
988.8912987709045	0.2074
989.157662153244	0.2074
989.412184715271	0.2074
989.6643576622009	0.2074
989.9298279285431	0.2073
990.1969714164734	0.2073
990.463846206665	0.2073
990.7293469905853	0.2072
990.981862783432	0.2074
991.2484037876129	0.2077
991.5116314888	0.2078
991.7770345211029	0.2077
992.0293254852295	0.2075
992.2937061786652	0.2075
992.559916973114	0.2075
992.8115682601929	0.2075
993.077287197113	0.2076
993.341456413269	0.2077
993.5932278633118	0.2077
993.8456318378448	0.2077
994.1129460334778	0.2077
994.3799948692322	0.2076
994.63126039505	0.2076
994.8823273181915	0.2074
995.133754491806	0.2073
995.4007675647736	0.2071
995.6660888195038	0.2069
995.9316318035126	0.2069
996.1955766677856	0.2068
996.4493937492371	0.2068
996.7026495933533	0.2069
996.9688274860382	0.207
997.2347075939178	0.207
997.4861948490143	0.2069
997.752144575119	0.2068
998.0164136886597	0.207
998.2713055610657	0.2073
998.5244159698486	0.2075
998.7909483909607	0.2078
999.0564687252045	0.2082
999.3239398002625	0.208
999.5760078430176	0.2079
999.8412928581238	0.2078
1000.1081924438477	0.2077
