0.2649664878845215	-0.0268
0.5295364856719971	-0.0268
0.7941441535949707	-0.0268
1.0458059310913086	-0.0268
1.3121814727783203	-0.0268
1.577873706817627	-0.0267
1.8883111476898193	-0.0267
2.1635756492614746	-0.0266
2.4378409385681152	-0.0266
2.695152759552002	-0.0267
2.947519302368164	-0.0267
3.2008423805236816	-0.0267
3.4523022174835205	-0.0269
3.704576253890991	-0.0269
3.9705934524536133	-0.0268
4.235361576080322	-0.0266
4.5002241134643555	-0.0267
4.766650438308716	-0.0267
5.03214955329895	-0.0267
5.295469045639038	-0.0267
5.562220335006714	-0.0269
5.82751989364624	-0.0268
6.094404220581055	-0.027
6.358198404312134	-0.0267
6.624811887741089	-0.0258
6.891643047332764	-0.0266
7.156121015548706	-0.0268
7.418750286102295	-0.0267
7.684766530990601	-0.0267
7.951936721801758	-0.0267
8.21661901473999	-0.0267
8.481444120407104	-0.0268
8.748349666595459	-0.0268
9.011930465698242	-0.0267
9.27852988243103	-0.0266
9.545518636703491	-0.0267
9.811777353286743	-0.0266
10.076063632965088	-0.0267
10.342857599258423	-0.0266
10.609690189361572	-0.0268
10.875769853591919	-0.0269
11.142268419265747	-0.027
11.404459238052368	-0.027
11.666123628616333	-0.0272
11.932219982147217	-0.0271
12.199058771133423	-0.0268
12.46517276763916	-0.0266
12.71718454360962	-0.0265
12.980555772781372	-0.0266
13.246001243591309	-0.0266
13.511455059051514	-0.0265
13.778522968292236	-0.0265
14.042219638824463	-0.0266
14.30461597442627	-0.0265
14.556577682495117	-0.0265
14.823580265045166	-0.0267
15.087666988372803	-0.0268
15.339215517044067	-0.0268
15.604410409927368	-0.0268
15.86888074874878	-0.0267
16.132999658584595	-0.0267
16.385520458221436	-0.0267
16.650245904922485	-0.027
16.90239691734314	-0.0272
17.167863368988037	-0.0272
17.43443274497986	-0.0272
17.70011830329895	-0.0273
17.965824365615845	-0.0273
18.23181390762329	-0.0273
18.48364233970642	-0.0272
18.74776816368103	-0.0272
19.01190972328186	-0.0273
19.277624130249023	-0.0275
19.544724702835083	-0.0275
19.81018853187561	-0.0274
20.07503366470337	-0.0274
20.326969146728516	-0.0274
20.59104561805725	-0.0273
20.85549521446228	-0.0273
21.119609832763672	-0.0274
21.3849937915802	-0.0274
21.6506290435791	-0.0274
21.91623568534851	-0.0272
22.16750741004944	-0.0273
22.43422794342041	-0.0273
22.70051383972168	-0.0273
22.952717542648315	-0.0274
23.219631671905518	-0.0274
23.47092843055725	-0.0274
23.736190795898438	-0.0274
24.002968072891235	-0.0274
24.2681565284729	-0.0274
24.520430088043213	-0.0274
24.786009311676025	-0.0274
25.052586317062378	-0.0274
25.304102420806885	-0.0274
25.56987237930298	-0.0274
25.837085485458374	-0.0274
26.089452266693115	-0.0274
26.34173059463501	-0.0274
26.60612440109253	-0.0274
26.8563232421875	-0.0274
27.109527111053467	-0.0275
27.372599840164185	-0.0275
27.63837456703186	-0.0274
27.90162205696106	-0.0274
28.16843843460083	-0.0274
28.43454360961914	-0.0274
28.700603008270264	-0.0274
28.964459657669067	-0.0273
29.228726625442505	-0.0275
29.49282741546631	-0.0275
29.7599675655365	-0.0276
30.02449679374695	-0.0276
30.29101014137268	-0.0276
30.544421434402466	-0.0276
30.796451091766357	-0.0276
31.0632426738739	-0.0275
31.325976133346558	-0.0275
31.577311515808105	-0.0275
31.83057188987732	-0.0275
32.09486389160156	-0.0275
32.34536266326904	-0.0275
32.59692049026489	-0.0275
32.86223220825195	-0.0274
33.128398180007935	-0.0274
33.39363431930542	-0.0274
33.657206773757935	-0.0274
33.91023778915405	-0.0275
34.16204023361206	-0.0275
34.413222312927246	-0.0275
34.66736030578613	-0.0275
34.93387818336487	-0.0276
35.199971437454224	-0.0275
35.450397968292236	-0.0275
35.71718454360962	-0.0275
35.98269438743591	-0.0275
36.24726986885071	-0.0275
36.5145103931427	-0.0275
36.780940532684326	-0.0274
37.04649615287781	-0.0275
37.31174898147583	-0.0274
37.57718467712402	-0.0274
37.84230709075928	-0.0274
38.10858607292175	-0.0274
38.374704360961914	-0.0275
38.64091444015503	-0.0275
38.892383098602295	-0.0276
39.15584063529968	-0.0276
39.42348551750183	-0.0276
39.676554679870605	-0.0276
39.94212102890015	-0.0276
40.19434666633606	-0.0275
40.44712972640991	-0.0276
40.71426343917847	-0.0276
40.98047089576721	-0.0275
41.24452471733093	-0.0276
41.49582648277283	-0.0276
41.7625949382782	-0.0276
42.02610182762146	-0.0276
42.29160165786743	-0.0275
42.55512356758118	-0.0276
42.820701360702515	-0.0276
43.074028730392456	-0.0276
43.33826470375061	-0.0275
43.589913845062256	-0.0275
43.84176683425903	-0.0275
44.10786318778992	-0.0275
44.37397766113281	-0.0275
44.638941287994385	-0.0275
44.903401374816895	-0.0275
45.15568828582764	-0.0273
45.420153856277466	-0.0274
45.68613958358765	-0.0275
45.95243954658508	-0.0275
46.21637964248657	-0.0275
46.48339056968689	-0.0275
46.7491557598114	-0.0277
47.001017570495605	-0.0277
47.26672172546387	-0.0273
47.531681060791016	-0.0273
47.79888677597046	-0.0274
48.06467032432556	-0.0274
48.330928564071655	-0.0274
48.59542918205261	-0.0274
48.86187171936035	-0.0274
49.11389493942261	-0.0273
49.378687381744385	-0.0274
49.64313244819641	-0.0274
49.910197734832764	-0.0274
50.17513608932495	-0.0275
50.439642667770386	-0.0274
50.692349433898926	-0.0274
50.95720458030701	-0.0274
51.22396183013916	-0.0274
51.475942611694336	-0.0274
51.737228870391846	-0.0274
52.00283718109131	-0.0274
52.267868757247925	-0.0274
52.52066731452942	-0.0274
52.78276801109314	-0.0274
53.04995274543762	-0.0274
53.31528568267822	-0.0275
53.58247637748718	-0.0275
53.84870147705078	-0.0275
54.115370750427246	-0.0274
54.38188433647156	-0.0274
54.64809274673462	-0.0274
54.912219524383545	-0.0275
55.17812180519104	-0.0274
55.445106506347656	-0.0275
55.71193218231201	-0.0275
55.9785590171814	-0.0275
56.24302792549133	-0.0275
56.509527921676636	-0.0274
56.761019468307495	-0.0275
57.02625489234924	-0.0276
57.292582750320435	-0.0273
57.55795192718506	-0.0275
57.823790550231934	-0.0276
58.089131116867065	-0.0276
58.3553831577301	-0.0275
58.62171196937561	-0.0275
58.87411308288574	-0.0276
59.14167499542236	-0.0277
59.39450025558472	-0.0276
59.660242319107056	-0.0275
59.925395488739014	-0.0276
60.177300691604614	-0.0276
60.44244432449341	-0.0276
60.70741605758667	-0.0276
60.9726505279541	-0.0275
61.23829770088196	-0.0274
61.50240731239319	-0.0275
61.754940032958984	-0.0275
62.01923966407776	-0.0278
62.284032344818115	-0.0275
62.54955220222473	-0.0278
62.80102777481079	-0.028
63.066712856292725	-0.028
63.33225178718567	-0.0281
63.597636222839355	-0.0282
63.84904718399048	-0.028
64.10015726089478	-0.0278
64.36596369743347	-0.0277
64.63030529022217	-0.0275
64.88260674476624	-0.0274
65.14577507972717	-0.0274
65.41158413887024	-0.0277
65.67722153663635	-0.0273
65.94432783126831	-0.0274
66.20797109603882	-0.0277
66.47469973564148	-0.0274
66.72676420211792	-0.0275
66.977956533432	-0.0276
67.243727684021	-0.0276
67.49546074867249	-0.0275
67.76268196105957	-0.0275
68.02759456634521	-0.0275
68.2934193611145	-0.0275
68.56023454666138	-0.0275
68.82576203346252	-0.0274
69.09110045433044	-0.0275
69.35522770881653	-0.0274
69.61832475662231	-0.0275
69.88474702835083	-0.0275
70.13820600509644	-0.0275
70.4041223526001	-0.0275
70.67032551765442	-0.0275
70.93478465080261	-0.0275
71.1855719089508	-0.0275
71.45226716995239	-0.0276
71.71572589874268	-0.0277
71.96794033050537	-0.0278
72.23231863975525	-0.0278
72.48438119888306	-0.0278
72.7348940372467	-0.0277
73.00208330154419	-0.0277
73.26855993270874	-0.0277
73.53308701515198	-0.0277
73.78362536430359	-0.0277
74.05082631111145	-0.0277
74.30484414100647	-0.0277
74.56982231140137	-0.0276
74.82278776168823	-0.0274
75.08789467811584	-0.0273
75.3510992527008	-0.0273
75.61602926254272	-0.0272
75.879478931427	-0.0272
76.1446282863617	-0.0273
76.39640188217163	-0.0275
76.66195487976074	-0.0278
76.92830991744995	-0.0279
77.19333052635193	-0.0279
77.44570207595825	-0.0279
77.69789862632751	-0.0279
77.94946193695068	-0.0276
78.21514225006104	-0.0275
78.47994446754456	-0.0277
78.73204731941223	-0.0277
78.99863624572754	-0.0277
79.26145815849304	-0.0277
79.52674293518066	-0.0277
79.79260301589966	-0.0278
80.05769300460815	-0.028
80.31011700630188	-0.028
80.57563018798828	-0.0278
80.8274302482605	-0.0279
81.09058284759521	-0.0279
81.34267520904541	-0.0278
81.60681366920471	-0.0276
81.87151026725769	-0.0277
82.13831949234009	-0.0277
82.40340209007263	-0.0278
82.65513920783997	-0.0278
82.91978192329407	-0.028
83.17373871803284	-0.0281
83.43936085700989	-0.0281
83.70407390594482	-0.0281
83.95692253112793	-0.0281
84.22285795211792	-0.0281
84.47507500648499	-0.0281
84.74018168449402	-0.0281
85.00632643699646	-0.0279
85.26976227760315	-0.0279
85.53604388237	-0.0278
85.80268383026123	-0.0278
86.06609344482422	-0.0278
86.3316798210144	-0.0278
86.58498167991638	-0.0278
86.83685111999512	-0.0278
87.10310244560242	-0.0278
87.35587859153748	-0.0277
87.62268495559692	-0.0277
87.88748073577881	-0.0278
88.15236020088196	-0.0277
88.40643215179443	-0.0278
88.66904950141907	-0.0279
88.93453240394592	-0.0279
89.19927072525024	-0.0279
89.46445202827454	-0.0279
89.73020386695862	-0.0279
89.98420667648315	-0.0279
90.2498471736908	-0.0279
90.51410722732544	-0.028
90.76647877693176	-0.028
91.03109669685364	-0.028
91.29783797264099	-0.028
91.56279850006104	-0.0281
91.82986235618591	-0.0281
92.08091878890991	-0.028
92.34642314910889	-0.028
92.59966707229614	-0.028
92.86513352394104	-0.0279
93.13068342208862	-0.028
93.39439940452576	-0.028
93.65781688690186	-0.0279
93.92211842536926	-0.0278
94.1881194114685	-0.0279
94.45425868034363	-0.0278
94.71927785873413	-0.0277
94.97261667251587	-0.0276
95.2397894859314	-0.0276
95.5044813156128	-0.0276
95.75469326972961	-0.0276
96.0071063041687	-0.0276
96.2730929851532	-0.0276
96.53728604316711	-0.0276
96.79046511650085	-0.0148
97.05615758895874	-0.0111
97.32236433029175	-0.011
97.58676195144653	-0.0111
97.85365891456604	-0.0111
98.11976718902588	-0.0097
98.38642168045044	-0.0098
98.6532609462738	-0.0099
98.90602612495422	-0.0098
99.17247152328491	-0.0098
99.42479872703552	-0.0098
99.69121098518372	-0.0098
99.94298791885376	-0.0099
100.21020221710205	-0.0099
100.4765317440033	-0.0099
100.74111747741699	-0.0099
101.00529980659485	-0.0099
101.25844311714172	-0.0166
101.52506709098816	-0.0163
101.7774612903595	-0.0163
102.04380679130554	-0.0163
102.308518409729	-0.0164
102.57308292388916	-0.0164
102.8383526802063	-0.0164
103.10448503494263	-0.0222
103.37137508392334	-0.0224
103.63781762123108	-0.0224
103.90328335762024	-0.0223
104.16697335243225	-0.0223
104.43361234664917	-0.0222
104.68466591835022	-0.0221
104.93630456924438	-0.0152
105.20139169692993	-0.0166
105.4665412902832	-0.0167
105.73234033584595	-0.0167
105.99809527397156	-0.0167
106.26142644882202	-0.0039
106.51413488388062	-0.0129
106.76646327972412	-0.0129
107.02992367744446	-0.0129
107.29371237754822	-0.0129
107.54728055000305	-0.0129
107.80004000663757	-0.0164
108.06604957580566	-0.0124
108.33159375190735	-0.0125
108.59628677368164	-0.0125
108.84879851341248	-0.0105
109.10195875167847	-0.0142
109.36789298057556	-0.0139
109.63394808769226	-0.0139
109.90008497238159	-0.0139
110.1670024394989	-0.0138
110.43045783042908	-0.0115
110.69704031944275	-0.0042
110.94849371910095	-0.0041
111.2147467136383	-0.0041
111.48027658462524	-0.0041
111.73241138458252	-0.004
111.98606324195862	-0.004
112.25023913383484	-0.0042
112.51561951637268	-0.0042
112.78215646743774	-0.0042
113.04666423797607	-0.0041
113.2981607913971	-0.0024
113.56544661521912	-0.0126
113.83060956001282	-0.0127
114.0965805053711	-0.0126
114.3486955165863	-0.0127
114.60061049461365	-0.0128
114.86429977416992	-0.0126
115.12990140914917	-0.0125
115.39652419090271	-0.0117
115.65939736366272	-0.0028
115.91128396987915	-0.0028
116.17693018913269	-0.0029
116.44280695915222	-0.003
116.70814990997314	-0.0029
116.97273397445679	-0.0025
117.23898959159851	-0.0028
117.49087882041931	-0.0027
117.75621891021729	-0.0029
118.01915955543518	-0.0029
118.28537487983704	-0.0029
118.55126857757568	-0.0029
118.81813049316406	-0.003
119.07104063034058	-0.0029
119.32354807853699	-0.0028
119.58994603157043	-0.0027
119.85706877708435	-0.0027
120.12089776992798	-0.0027
120.38642621040344	-0.0028
120.63880705833435	-0.0027
120.90289258956909	-0.0027
121.15412592887878	-0.0028
121.42035055160522	-0.0028
121.68627977371216	-0.0135
121.95286703109741	-0.0118
122.20432305335999	-0.012
122.46884369850159	-0.012
122.72115087509155	-0.0119
122.9867467880249	-0.0118
123.25016355514526	-0.0118
123.51742815971375	-0.0118
123.78391456604004	-0.0117
124.050452709198	-0.0118
124.3174614906311	-0.0117
124.58357381820679	-0.0115
124.84929466247559	-0.0113
125.10059332847595	-0.0113
125.3534152507782	-0.0138
125.61672258377075	-0.0135
125.88208293914795	-0.0133
126.14885520935059	-0.0133
126.41502499580383	-0.0133
126.67739129066467	-0.0132
126.92932367324829	-0.0132
127.19394397735596	-0.0133
127.45937848091125	-0.0134
127.71385097503662	-0.0135
127.97819328308105	-0.0135
128.24212408065796	-0.0135
128.5086772441864	-0.0135
128.7752287387848	-0.0135
129.03895902633667	-0.0135
129.3045392036438	-0.0134
129.5559859275818	-0.0124
129.80825185775757	-0.0067
130.0600814819336	-0.0072
130.3242130279541	-0.0072
130.59071445465088	-0.0072
130.84197735786438	-0.0072
131.10694551467896	-0.0072
131.37351632118225	-0.0073
131.62694120407104	-0.01
131.89392137527466	-0.0134
132.15914964675903	-0.0135
132.41083097457886	-0.0135
132.6746633052826	-0.0135
132.92573738098145	-0.0136
133.1768250465393	-0.0171
133.42964339256287	-0.0161
133.6953992843628	-0.0162
133.9606704711914	-0.016
134.22616624832153	-0.0161
134.4805507659912	-0.0161
134.74372100830078	-0.0159
134.99475073814392	-0.0168
135.25958490371704	-0.0111
135.5248875617981	-0.0117
135.78906226158142	-0.0118
136.05501413345337	-0.0118
136.32133030891418	-0.0119
136.5866346359253	-0.0119
136.85239958763123	-0.0119
137.1178274154663	-0.012
137.38310766220093	-0.012
137.635240316391	-0.012
137.89910006523132	-0.012
138.16352677345276	-0.0118
138.4152135848999	-0.0118
138.68091678619385	-0.0117
138.94762110710144	-0.0116
139.19909262657166	-0.0116
139.451904296875	-0.0117
139.70395803451538	-0.0117
139.9577443599701	-0.0117
140.22340369224548	-0.0117
140.4872899055481	-0.0117
140.74123191833496	-0.0116
141.0051920413971	-0.0116
141.2572464942932	-0.0115
141.50863552093506	-0.0115
141.75971508026123	-0.0114
142.01193737983704	-0.0114
142.26271319389343	-0.0114
142.5162148475647	-0.0165
142.781263589859	-0.0101
143.03344106674194	-0.01
143.29594445228577	-0.0101
143.5600357055664	-0.0101
143.81054759025574	-0.0102
144.0760462284088	-0.0102
144.32915687561035	-0.0103
144.59389114379883	-0.0103
144.8593566417694	-0.0102
145.1258180141449	-0.0102
145.37763667106628	-0.0102
145.6301131248474	-0.0102
145.89768624305725	-0.0102
146.16255497932434	-0.0103
146.42774605751038	-0.0103
146.69235944747925	-0.0102
146.95604133605957	-0.0309
147.20878386497498	-0.036
147.47274732589722	-0.0361
147.72551321983337	-0.0362
147.99203991889954	-0.0362
148.25521993637085	-0.0362
148.50994181632996	-0.0279
148.76197409629822	-0.0256
149.0242404937744	-0.0256
149.29001808166504	-0.0256
149.54119515419006	-0.0256
149.80755257606506	-0.0255
150.07302117347717	-0.0254
150.339341878891	-0.0254
150.6052167415619	-0.0256
150.87218689918518	-0.0256
151.13724303245544	-0.0256
151.4029974937439	-0.0255
151.66895270347595	-0.0255
151.9338104724884	-0.0256
152.2019658088684	-0.0256
152.4673285484314	-0.0256
152.71818375587463	-0.0256
152.98417353630066	-0.0242
153.2504279613495	-0.0282
153.5166940689087	-0.0282
153.78210425376892	-0.0281
154.04616975784302	-0.0279
154.31305575370789	-0.0278
154.57694101333618	-0.0277
154.84405255317688	-0.0276
155.10884165763855	-0.0277
155.37438678741455	-0.0277
155.6375253200531	-0.0277
155.90327048301697	-0.0277
156.16739964485168	-0.0275
156.43337202072144	-0.0276
156.69971990585327	-0.0276
156.96659326553345	-0.0275
157.23207688331604	-0.0274
157.4971203804016	-0.0274
157.7616810798645	-0.0274
158.0254156589508	-0.0275
158.28766250610352	-0.0275
158.55236387252808	-0.0277
158.81758761405945	-0.0278
159.08166098594666	-0.0274
159.3484013080597	-0.0277
159.6159543991089	-0.0277
159.88241910934448	-0.0272
160.147451877594	-0.0276
160.4142746925354	-0.0276
160.67941188812256	-0.0277
160.93245553970337	-0.0276
161.18532490730286	-0.0275
161.43806672096252	-0.027
161.68912291526794	-0.0272
161.94267988204956	-0.0271
162.20619106292725	-0.0271
162.45774006843567	-0.0228
162.70811772346497	-0.0199
162.96064949035645	-0.0199
163.22545289993286	-0.0196
163.47937178611755	-0.0199
163.7302930355072	-0.02
163.9942183494568	-0.0195
164.26070618629456	-0.0194
164.5246081352234	-0.0199
164.79127621650696	-0.0199
165.05776715278625	-0.0198
165.32424402236938	-0.0196
165.58810687065125	-0.0196
165.84083223342896	-0.02
166.10739707946777	-0.0199
166.37205410003662	-0.0201
166.62408018112183	-0.0202
166.88873410224915	-0.0202
167.15414214134216	-0.0202
167.41828274726868	-0.0202
167.6848816871643	-0.0166
167.9505009651184	-0.0137
168.20284628868103	-0.0136
168.4678761959076	-0.0138
168.73451614379883	-0.0136
169.00219202041626	-0.0135
169.26877641677856	-0.0136
169.53375148773193	-0.0137
169.80031037330627	-0.0137
170.06542038917542	-0.0138
170.3181312084198	-0.0135
170.56858825683594	-0.0185
170.83571648597717	-0.0191
171.10083746910095	-0.0194
171.36635947227478	-0.019
171.6323595046997	-0.0185
171.8971652984619	-0.0184
172.1641185283661	-0.0185
172.42814445495605	-0.0187
172.69366788864136	-0.0187
172.95941138267517	-0.0188
173.22404146194458	-0.0189
173.49114274978638	-0.0189
173.75436425209045	-0.0187
174.01812744140625	-0.0187
174.2843554019928	-0.0187
174.54995584487915	-0.0188
174.81475043296814	-0.0189
175.06736946105957	-0.0189
175.33322191238403	-0.0189
175.59900164604187	-0.0189
175.85052394866943	-0.0188
176.1163125038147	-0.0187
176.38114714622498	-0.0187
176.64718103408813	-0.0187
176.91268706321716	-0.0187
177.1774299144745	-0.0187
177.44332909584045	-0.0187
177.70675134658813	-0.0187
177.97379350662231	-0.0186
178.23972964286804	-0.0186
178.50590419769287	-0.0187
178.77030515670776	-0.0187
179.0359239578247	-0.0188
179.30266070365906	-0.0189
179.56934452056885	-0.0188
179.83704090118408	-0.0188
180.0991268157959	-0.0188
